,timestamp,open,high,low,close,adjusted close,volume,dividend amount
0,2022-04-13,183.0,184.2,178.2,180.66,180.66,17532694,0.0
1,2022-04-08,178.19,183.187,175.52,182.12,182.12,39005548,0.0
2,2022-04-01,176.65,180.21,175.6,178.19,178.19,35831200,0.0
3,2022-03-25,174.66,177.7,173.91,176.92,176.92,30299125,0.0
4,2022-03-18,170.68,177.0,170.35,174.84,174.84,48684269,0.0
5,2022-03-11,168.3,173.12,167.36,169.35,169.35,41371756,0.0
6,2022-03-04,162.87,169.86,162.3802,169.48,169.48,38541142,0.0
7,2022-02-25,163.575,166.985,155.72,166.0,166.0,39013772,0.0
8,2022-02-18,167.71,168.1,162.94,163.36,163.36,36733813,1.06
9,2022-02-11,171.41,172.24,167.54,167.71,166.6288,41230187,0.0
10,2022-02-04,171.5,173.62,169.43,171.63,170.5235,36225205,0.0
11,2022-01-28,164.0,171.91,158.26,171.79,170.6825,56984033,0.0
12,2022-01-21,167.1,168.72,164.47,164.87,163.8071,29812465,0.0
13,2022-01-14,173.69,173.69,167.15,167.84,166.758,35948336,0.0
14,2022-01-07,170.21,174.3,169.1,173.95,172.8286,34064878,0.0
15,2021-12-31,169.14,172.875,168.7,171.07,169.9671,19183429,0.0
16,2021-12-23,167.81,168.95,165.98,168.25,167.1653,23588592,0.0
17,2021-12-17,164.75,173.51,163.8,168.23,167.1454,55907556,0.0
18,2021-12-10,160.19,166.69,159.83,165.49,164.4231,39366110,0.0
19,2021-12-03,159.5,160.42,155.85,159.38,158.3525,54091870,0.0
20,2021-11-26,161.03,162.64,158.66,159.2,158.1737,29132051,1.06
21,2021-11-19,165.0,165.46,161.78,162.89,160.7727,34493988,0.0
22,2021-11-12,163.68,167.62,162.01,165.01,162.8652,39166933,0.0
23,2021-11-05,163.16,166.9818,159.4,163.43,161.3057,35079024,0.0
24,2021-10-29,163.72,166.03,160.61,162.88,160.7629,35478893,0.0
25,2021-10-22,160.25,165.15,159.2,163.72,161.592,32378526,0.0
26,2021-10-15,160.86,161.855,157.34,161.3,159.2034,29188979,0.0
27,2021-10-08,159.99,162.61,157.6737,160.93,158.8382,30715318,0.0
28,2021-10-01,164.0,165.4,158.62,160.47,158.3842,34052794,0.0
29,2021-09-24,163.48,165.98,162.165,164.36,162.2236,28689262,0.0
30,2021-09-17,167.92,168.12,163.555,164.75,162.6086,38555987,0.0
31,2021-09-10,174.35,175.03,166.87,166.97,164.7997,25335496,0.0
32,2021-09-03,172.79,175.22,172.06,175.04,172.7648,24330108,0.0
33,2021-08-27,178.39,178.93,172.75,172.93,170.6822,29974507,1.06
34,2021-08-20,176.55,179.92,175.95,179.44,176.0569,29002934,0.0
35,2021-08-13,173.72,176.29,172.78,176.25,172.927,22031769,0.0
36,2021-08-06,172.47,174.59,171.3,173.11,169.8462,23419985,0.0
37,2021-07-30,171.82,173.3801,170.67,172.2,168.9534,26878261,0.0
38,2021-07-23,166.48,172.1751,165.32,171.79,168.5511,36005428,0.0
39,2021-07-16,169.73,171.18,167.72,168.1,164.9307,31186751,0.0
40,2021-07-09,167.91,170.37,166.99,169.75,166.5496,24268711,0.0
41,2021-07-02,164.44,169.3,163.41,168.98,165.7941,30885941,0.0
42,2021-06-25,162.77,164.78,162.25,164.21,161.114,32226586,0.0
43,2021-06-18,164.5,165.86,161.79,161.98,158.9261,35842243,0.0
44,2021-06-11,166.0,167.575,162.07,164.96,161.8499,32515430,0.0
45,2021-06-04,170.15,170.2,165.11,165.97,162.8409,29574004,0.0
46,2021-05-28,170.9,171.35,168.28,169.25,166.059,32882643,1.06
47,2021-05-21,170.4,172.74,168.0354,170.96,166.7007,28457354,0.0
48,2021-05-14,169.9,171.61,166.97,170.22,165.9791,37150369,0.0
49,2021-05-07,163.6,169.18,163.12,168.5,164.302,32754511,0.0
50,2021-04-30,165.21,165.41,161.65,162.73,158.6757,35166823,0.0
51,2021-04-23,162.5,167.7899,160.84,165.52,161.3962,42003627,0.0
52,2021-04-16,161.09,162.51,156.53,162.24,158.1979,47739433,0.0
53,2021-04-09,163.64,164.75,159.78,161.25,157.2326,30527101,0.0
54,2021-04-01,163.83,167.03,162.26,162.83,158.7732,31282669,0.0
55,2021-03-26,158.31,165.1,158.0,164.93,160.8209,34981539,0.0
56,2021-03-19,159.75,161.73,158.5,160.04,156.0528,37589890,0.0
57,2021-03-12,157.0,160.75,155.98,159.6,155.6237,32423965,0.0
58,2021-03-05,161.45,161.53,151.47,156.1,152.2109,46026700,0.0
59,2021-02-26,161.87,164.39,157.97,158.46,154.5121,47436388,1.01
60,2021-02-19,166.58,167.05,162.91,162.98,157.9341,25582688,0.0
61,2021-02-12,165.03,167.94,163.88,166.58,161.4226,26753563,0.0
62,2021-02-05,165.31,165.44,159.57,164.45,159.3586,45930529,0.0
63,2021-01-29,165.01,173.65,160.5527,163.13,158.0794,69787677,0.0
64,2021-01-22,162.0,165.155,160.06,163.55,158.4864,30857193,0.0
65,2021-01-15,160.56,161.95,156.75,160.3,155.337,38249057,0.0
66,2021-01-08,157.24,161.1,154.13,160.04,155.0851,45574340,0.0
67,2020-12-31,153.32,157.66,152.3,157.38,152.5074,19544047,0.0
68,2020-12-24,152.01,153.9,150.05,152.47,147.7495,19318720,0.0
69,2020-12-18,153.25,155.1,148.99,154.51,149.7263,51705652,0.0
70,2020-12-11,149.35,153.5,148.51,152.95,148.2146,36780842,0.0
71,2020-12-04,144.23,150.31,143.06,150.27,145.6176,47162070,0.0
72,2020-11-27,146.01,146.01,142.86,144.0,139.5417,28997639,1.01
73,2020-11-20,150.92,151.3,145.5869,146.36,140.8399,34568986,0.0
74,2020-11-13,148.425,150.41,144.92,149.9,144.2464,36729227,0.0
75,2020-11-06,138.98,143.19,137.49,142.25,136.8849,37673220,0.0
76,2020-10-30,144.43,144.77,133.65,137.11,131.9388,34815762,0.0
77,2020-10-23,148.53,148.9,143.84,145.24,139.7621,27233268,0.0
78,2020-10-16,151.6,153.142,146.33,148.1,142.5143,38115206,0.0
79,2020-10-09,147.0,151.48,145.81,150.97,145.276,25181740,0.0
80,2020-10-02,146.73,149.73,145.83,146.24,140.7244,33045306,0.0
81,2020-09-25,147.58,147.93,142.96,145.66,140.1663,32800907,0.0
82,2020-09-18,148.12,150.59,146.05,149.18,143.5535,29993979,0.0
83,2020-09-11,150.25,151.1,146.52,147.78,142.2063,25844001,0.0
84,2020-09-04,153.0,155.47,147.13,148.59,142.9858,35426649,0.0
85,2020-08-28,152.74,153.7,150.35,153.64,147.8453,28230822,1.01
86,2020-08-21,148.32,153.65,148.23,152.76,146.0292,27898287,0.0
87,2020-08-14,148.86,150.24,146.37,148.24,141.7083,25138782,0.0
88,2020-08-07,146.39,149.31,145.8247,148.6,142.0525,22208041,0.0
89,2020-07-31,147.37,148.92,143.96,145.76,139.3376,29186964,0.0
90,2020-07-24,150.23,151.67,147.03,148.12,141.5936,29647444,0.0
91,2020-07-17,143.61,150.58,143.28,149.35,142.7694,39584655,0.0
92,2020-07-10,142.17,144.43,140.58,142.37,136.097,28047041,0.0
93,2020-07-02,138.74,141.84,137.84,140.97,134.7586,24390175,0.0
94,2020-06-26,143.47,144.08,137.02,137.81,131.7379,39678683,0.0
95,2020-06-19,141.0,145.88,139.39,143.83,137.4926,38194672,0.0
96,2020-06-12,145.88,150.03,140.28,142.15,135.8866,46488627,0.0
97,2020-06-05,147.29,149.64,145.58,147.3,140.8097,36446924,0.0
98,2020-05-29,146.19,149.35,143.01,148.75,142.1958,29712669,0.0
99,2020-05-22,152.49,153.62,144.06,144.37,138.0088,31878835,1.01
100,2020-05-15,148.45,150.48,144.26,150.44,142.8123,37092948,0.0
101,2020-05-08,148.77,150.78,147.09,148.7,141.1605,30229206,0.0
102,2020-05-01,154.81,156.05,146.79,148.29,140.7713,48888300,0.0
103,2020-04-24,150.93,157.0,148.57,154.86,147.0082,53013551,0.0
104,2020-04-17,140.0,152.3,137.84,152.02,144.3122,56977544,0.0
105,2020-04-09,137.01,145.42,135.54,141.23,134.0692,48425413,0.0
106,2020-04-03,128.46,135.71,125.5,134.17,127.3672,71633233,0.0
107,2020-03-27,117.0,127.62,109.16,123.16,116.9154,79575060,0.0
108,2020-03-20,123.57,136.77,118.13,119.89,113.8112,93511731,0.0
109,2020-03-13,136.33,141.95,124.5,134.29,127.4811,85369777,0.0
110,2020-03-06,134.78,143.64,133.1,142.03,134.8287,59302386,0.0
111,2020-02-28,146.5,149.0,130.82,134.48,127.6615,63595944,0.95
112,2020-02-21,150.47,150.74,147.4,149.93,141.4074,28585424,0.0
113,2020-02-14,151.68,152.38,149.15,150.13,141.5961,24914180,0.0
114,2020-02-07,149.42,154.5,149.24,151.89,143.256,30187147,0.0
115,2020-01-31,147.52,151.19,147.0,148.87,140.4077,36332756,0.0
116,2020-01-24,148.58,150.17,146.0,148.32,139.889,37557920,0.0
117,2020-01-17,145.48,149.41,144.72,149.17,140.6906,32150554,0.0
118,2020-01-10,144.0,146.18,141.38,145.06,136.8143,32877116,0.0
119,2020-01-03,145.78,146.2,143.0,144.28,136.0786,18887694,0.0
120,2019-12-27,145.74,146.76,145.16,145.75,137.4651,17249651,0.0
121,2019-12-20,141.73,147.84,141.49,146.06,137.7574,47111186,0.0
122,2019-12-13,140.39,142.06,139.91,141.38,133.3435,25318652,0.0
123,2019-12-06,137.72,141.58,136.16,140.38,132.4003,30501790,0.0
124,2019-11-29,137.06,138.27,135.15,137.49,129.6746,25557633,0.95
125,2019-11-22,134.22,138.63,132.66,138.07,129.326,37737146,0.0
126,2019-11-15,132.27,134.97,130.14,134.94,126.3942,30230627,0.0
127,2019-11-08,131.8,133.04,129.68,133.0,124.5771,28717209,0.0
128,2019-11-01,128.62,133.53,128.51,131.2,122.8911,35177517,0.0
129,2019-10-25,128.67,130.58,126.1,128.35,120.2216,47544304,0.0
130,2019-10-18,131.36,137.49,127.7,127.7,119.6127,62836660,0.0
131,2019-10-11,133.09,133.82,128.52,131.33,123.0128,33644873,0.0
132,2019-10-04,129.07,134.7,129.0,133.66,125.1953,41206916,0.0
133,2019-09-27,131.02,132.78,126.7,128.6,120.4557,30823890,0.0
134,2019-09-20,130.11,132.0,128.78,131.65,123.3126,31656629,0.0
135,2019-09-13,128.0,131.77,126.34,130.78,122.4977,32744061,0.0
136,2019-09-06,127.99,129.9,127.51,128.21,120.0904,22029815,0.0
137,2019-08-30,127.42,132.4,126.63,128.36,120.2309,53102687,0.95
138,2019-08-23,132.5,132.66,127.13,127.73,118.7581,42102349,0.0
139,2019-08-16,131.5,134.1,129.25,131.36,122.1331,31515946,0.0
140,2019-08-09,130.91,132.76,128.19,132.04,122.7653,34070186,0.0
141,2019-08-02,131.0,133.31,129.02,131.07,121.8634,36346486,0.0
142,2019-07-26,130.0,131.53,127.84,130.73,121.5473,39060374,0.0
143,2019-07-19,135.39,136.36,130.19,130.31,121.1568,43658833,0.0
144,2019-07-12,140.12,142.47,132.32,134.3,124.8666,36767721,0.0
145,2019-07-05,140.2,142.18,138.69,140.57,130.6961,18465045,0.0
146,2019-06-28,142.42,144.98,138.51,139.28,129.4968,39111889,0.0
147,2019-06-21,140.0,142.43,139.21,142.09,132.1094,37687167,0.0
148,2019-06-14,138.6,142.91,137.6,140.09,130.2499,36490926,0.0
149,2019-06-07,131.5,139.59,131.04,138.55,128.818,37594218,0.0
150,2019-05-31,139.0,140.49,128.52,131.15,121.9378,50338987,0.0
151,2019-05-24,138.61,139.85,137.49,138.85,129.097,27512310,0.95
152,2019-05-17,137.85,139.19,135.33,138.61,127.9981,32941677,0.0
153,2019-05-10,140.25,142.24,136.41,139.05,128.4044,27468628,0.0
154,2019-05-03,140.35,142.35,138.96,142.01,131.1378,31052412,0.0
155,2019-04-26,136.98,140.85,136.46,140.39,129.6418,25965028,0.0
156,2019-04-18,136.0,140.7,135.75,137.52,126.9915,36155647,0.0
157,2019-04-12,136.05,136.51,134.42,135.98,125.5694,23976562,0.0
158,2019-04-05,139.99,140.29,135.13,136.18,125.7541,27954723,0.0
159,2019-03-29,136.91,139.88,135.74,139.79,129.0877,27794590,0.0
160,2019-03-22,137.65,138.82,136.65,136.91,126.4282,31021896,0.0
161,2019-03-15,138.11,140.0,136.83,137.6,127.0654,38567077,0.0
162,2019-03-08,138.85,139.65,136.42,138.06,127.4902,34331093,0.0
163,2019-03-01,136.35,138.61,135.39,138.35,127.758,32106271,0.9
164,2019-02-22,136.14,136.73,134.2688,136.6,125.3139,23915039,0.0
165,2019-02-15,132.31,136.41,131.26,136.38,125.1121,29702610,0.0
166,2019-02-08,133.96,134.15,131.53,132.4,121.4609,29797268,0.0
167,2019-02-01,127.81,135.19,127.29,134.2,123.1122,47769617,0.0
168,2019-01-25,128.2,129.5,125.0,128.23,117.6354,37339141,0.0
169,2019-01-18,128.74,131.18,127.46,130.69,119.8922,37057944,0.0
170,2019-01-11,127.63,130.5,126.8,129.75,119.0298,36684833,0.0
171,2019-01-04,128.18,129.55,125.36,127.83,117.2685,32528212,0.0
172,2018-12-28,127.3,128.75,121.0,127.27,116.7547,33241216,0.0
173,2018-12-21,128.32,132.8,126.76,128.09,117.507,119147843,0.0
174,2018-12-14,145.39,148.59,130.2,133.0,122.0113,89723498,0.0
175,2018-12-07,145.57,148.99,142.79,145.43,133.4143,39646718,0.0
176,2018-11-30,142.0,147.2,139.66,146.9,134.7629,41382032,0.9
177,2018-11-23,146.43,148.75,140.78,142.23,129.6533,31333285,0.0
178,2018-11-16,144.99,146.75,142.48,145.99,133.0808,36031422,0.0
179,2018-11-09,141.0,145.79,139.0,145.34,132.4883,29414239,0.0
180,2018-11-02,136.99,142.0,136.22,140.68,128.2404,40984978,0.0
181,2018-10-26,138.61,140.11,135.05,136.97,124.8584,42518348,0.0
182,2018-10-19,133.88,140.0,133.51,139.05,126.7545,37761518,0.0
183,2018-10-12,138.9,140.46,132.23,133.87,122.0326,35516284,0.0
184,2018-10-05,138.26,141.27,137.32,139.1,126.8001,25772140,0.0
185,2018-09-28,142.1,142.5,137.41,138.17,125.9523,34913231,0.0
186,2018-09-21,139.33,143.13,139.18,142.88,130.2458,33229372,0.0
187,2018-09-14,137.53,140.48,137.06,139.49,127.1556,30507457,0.0
188,2018-09-07,134.69,137.69,133.44,137.32,125.1775,23519042,0.0
189,2018-08-31,135.5,136.05,133.89,134.69,122.78,25973724,0.9
190,2018-08-24,134.93,137.43,134.0,135.95,123.1074,28323132,0.0
191,2018-08-17,130.72,135.0,128.93,134.47,121.7672,28260845,0.0
192,2018-08-10,131.64,132.53,130.26,130.75,118.3986,22608947,0.0
193,2018-08-03,131.78,133.0,130.9,131.95,119.4853,37445114,0.0
194,2018-07-27,125.75,132.27,125.45,131.55,119.1231,32705156,0.0
195,2018-07-20,126.0,130.54,124.16,125.85,113.9615,39172612,0.0
196,2018-07-13,126.22,128.21,125.32,125.93,114.034,31060253,0.0
197,2018-07-06,121.34,125.92,120.11,125.75,113.871,24360726,0.0
198,2018-06-29,122.82,123.43,121.07,121.34,109.8776,32358351,0.0
199,2018-06-22,121.61,123.38,120.25,122.84,111.2359,36359463,0.0
200,2018-06-15,124.27,124.34,121.24,122.61,111.0276,35048301,0.0
201,2018-06-08,121.85,124.85,120.9,124.06,112.3406,30399836,0.0
202,2018-06-01,120.5,121.58,118.62,121.26,109.8051,32324146,0.0
203,2018-05-25,124.62,124.99,121.13,121.47,109.9953,29190552,0.9
204,2018-05-18,127.35,127.61,123.28,124.24,111.6762,27702733,0.0
205,2018-05-11,124.14,127.6,121.69,127.24,114.3728,30132957,0.0
206,2018-05-04,128.86,128.98,121.28,124.19,111.6312,34143280,0.0
207,2018-04-27,126.88,129.22,125.28,128.27,115.2986,32399319,0.0
208,2018-04-20,131.41,132.88,126.17,126.66,113.8515,40475302,0.0
209,2018-04-13,128.65,131.42,127.68,130.62,117.411,26342845,0.0
210,2018-04-06,127.82,131.2,123.54,128.1,115.1458,36689911,0.0
211,2018-03-29,126.41,129.1,125.21,128.15,115.1908,28933843,0.0
212,2018-03-23,133.35,133.47,124.9,125.1,112.4492,32632614,0.0
213,2018-03-16,133.8,135.7,131.9,133.68,120.1616,39039965,0.0
214,2018-03-09,128.63,133.82,127.27,133.8,120.2694,30930819,0.0
215,2018-03-02,131.71,133.41,126.52,128.82,115.793,37953894,0.84
216,2018-02-23,132.87,133.45,129.48,132.02,117.9194,23476733,0.0
217,2018-02-16,130.0,134.45,127.68,133.15,118.9287,35950168,0.0
218,2018-02-09,136.58,137.0,122.15,129.53,115.6954,75550038,0.0
219,2018-02-02,144.85,144.94,137.0,137.68,122.9749,47536666,0.0
220,2018-01-26,147.01,148.14,141.62,145.33,129.8078,50298308,0.0
221,2018-01-19,146.42,148.32,145.48,147.36,131.621,32400339,0.0
222,2018-01-12,141.7,146.42,140.92,145.76,130.1919,30765175,0.0
223,2018-01-05,139.66,141.82,138.72,141.71,126.5745,22755730,0.0
224,2017-12-29,140.46,141.21,139.58,139.72,124.797,13571838,0.0
225,2017-12-22,142.43,143.8,140.04,140.12,125.1543,28365208,0.0
226,2017-12-15,140.1,143.62,139.83,142.46,127.2444,35438586,0.0
227,2017-12-08,140.62,141.96,138.93,140.59,125.5741,26638925,0.0
228,2017-12-01,137.51,140.63,137.48,139.98,125.0293,29703858,0.84
229,2017-11-24,138.15,139.26,136.6,138.01,122.5244,16440756,0.0
230,2017-11-17,139.01,140.2843,137.89,138.0,122.5155,20402576,0.0
231,2017-11-10,140.01,141.87,138.61,139.56,123.9005,20473365,0.0
232,2017-11-03,141.08,141.21,138.98,140.08,124.3621,21984333,0.0
233,2017-10-27,142.13,144.3523,140.2,141.78,125.8714,28237921,0.0
234,2017-10-20,136.45,143.62,135.54,142.4,126.4218,37715184,0.0
235,2017-10-13,133.66,137.52,132.92,136.43,121.1217,25098424,0.0
236,2017-10-06,130.16,133.31,130.02,133.22,118.2719,17551171,0.0
237,2017-09-29,131.47,131.94,129.05,130.01,115.422,24960943,0.0
238,2017-09-22,134.44,135.79,131.2701,131.39,116.6472,27373375,0.0
239,2017-09-15,131.37,135.45,131.02,134.45,119.3639,37222469,0.0
240,2017-09-08,130.72,132.52,129.72,130.98,116.2832,19175419,0.0
241,2017-09-01,131.68,132.65,130.9,131.03,116.3276,25125273,0.0
242,2017-08-25,132.28,134.79,131.62,131.68,116.9047,22076536,0.84
243,2017-08-18,134.2,134.97,132.381,132.63,117.0017,21348237,0.0
244,2017-08-11,133.09,134.49,131.4,133.1,117.4163,23668848,0.0
245,2017-08-04,132.14,134.01,131.5,133.18,117.4869,20701543,0.0
246,2017-07-28,134.99,135.16,129.5711,131.85,116.3136,29989419,0.0
247,2017-07-21,132.71,137.08,131.0801,135.31,119.3659,32700513,0.0
248,2017-07-14,132.74,133.0,130.48,132.6,116.9752,21418194,0.0
249,2017-07-07,132.79,134.06,131.69,132.54,116.9223,15996278,0.0
250,2017-06-30,136.48,136.899,132.28,132.29,116.7018,28945943,0.0
251,2017-06-23,134.15,137.0,133.49,136.43,120.3539,33505596,0.0
252,2017-06-16,131.64,134.605,131.09,134.35,118.519,38517485,0.0
253,2017-06-09,129.97,131.7,129.8,131.53,116.0313,30048195,0.0
254,2017-06-02,126.7,130.14,126.19,130.08,114.7522,24673982,0.0
255,2017-05-26,126.63,128.15,126.33,126.92,111.9645,21905974,0.84
256,2017-05-19,124.41,128.37,124.33,127.0,111.302,36969731,0.0
257,2017-05-12,123.53,124.1,122.34,123.64,108.3573,19590252,0.0
258,2017-05-05,123.4,123.95,122.86,123.51,108.2434,20613792,0.0
259,2017-04-28,122.52,124.3057,122.15,123.47,108.2083,24277680,0.0
260,2017-04-21,125.02,125.81,120.95,121.76,106.7097,24847277,0.0
261,2017-04-13,124.87,125.65,123.95,124.99,109.5404,19708917,0.0
262,2017-04-07,124.73,125.6016,124.22,124.92,109.4791,23900648,0.0
263,2017-03-31,125.16,126.14,124.03,124.55,109.1548,24632862,0.0
264,2017-03-24,128.04,128.45,125.13,125.48,109.9699,38677176,0.0
265,2017-03-17,125.83,129.0,125.79,128.06,112.231,44114296,0.0
266,2017-03-10,123.01,126.49,122.39,126.21,110.6096,37190911,0.0
267,2017-03-03,122.13,124.45,121.94,123.79,108.4888,36768877,0.0
268,2017-02-24,118.4,122.74,118.32,122.73,107.5598,34514606,0.8
269,2017-02-17,115.28,118.9,115.22,118.86,103.4935,33039939,0.0
270,2017-02-10,113.46,115.99,112.62,115.24,100.3415,29251061,0.0
271,2017-02-03,113.4,113.66,112.43,113.64,98.9484,37858732,0.0
272,2017-01-27,114.51,114.77,110.76,113.38,98.722,48873696,0.0
273,2017-01-20,113.94,115.1,113.67,114.15,99.3925,24313273,0.0
274,2017-01-13,116.35,117.0,113.37,114.6,99.7843,31219756,0.0
275,2017-01-06,115.78,117.0,115.23,116.3,101.2645,23220544,0.0
276,2016-12-30,115.89,116.16,114.975,115.21,100.3154,15011590,0.0
277,2016-12-23,116.07,116.66,113.88,115.96,100.9685,25529158,0.0
278,2016-12-16,112.69,117.3,112.58,115.88,100.8988,44003397,0.0
279,2016-12-09,112.4,113.2,109.32,112.26,97.7468,39189944,0.0
280,2016-12-02,113.79,114.12,111.0,111.96,97.4856,42350945,0.0
281,2016-11-25,115.44,115.6799,111.56,114.13,99.375,29393103,0.0
282,2016-11-18,118.58,118.99,114.81,115.36,100.446,37543955,0.8
283,2016-11-11,115.89,122.5,115.84,118.47,102.4435,49332380,0.0
284,2016-11-04,115.28,116.23,114.5,115.11,99.5381,36123321,0.0
285,2016-10-28,113.93,116.55,113.093,115.33,99.7283,34527563,0.0
286,2016-10-21,117.5,118.55,112.99,113.44,98.094,42350007,0.0
287,2016-10-14,119.51,120.1955,117.06,117.56,101.6566,27764539,0.0
288,2016-10-07,118.0,119.565,117.43,119.24,103.1094,26858255,0.0
289,2016-09-30,118.63,119.52,117.0434,118.13,102.1495,30555026,0.0
290,2016-09-23,118.36,119.84,117.64,118.81,102.7375,27096007,0.0
291,2016-09-16,117.76,119.45,117.32,118.25,102.2533,39546237,0.0
292,2016-09-09,119.78,119.97,118.18,118.23,102.236,22824459,0.0
293,2016-09-02,119.3,120.67,118.6,119.32,103.1785,24945214,0.0
294,2016-08-26,119.9,119.96,118.33,119.04,102.9364,30500604,0.0
295,2016-08-19,123.12,123.27,119.32,119.92,103.6974,44727273,0.8
296,2016-08-12,124.0,124.15,122.95,123.22,105.8449,21793756,0.0
297,2016-08-05,125.31,125.9,123.64,124.24,106.721,26958566,0.0
298,2016-07-29,125.07,125.55,124.14,125.23,107.5714,26624014,0.0
299,2016-07-22,123.0,126.07,122.44,125.03,107.3996,36657500,0.0
300,2016-07-15,122.71,124.3,122.31,123.0,105.6559,23414591,0.0
301,2016-07-08,121.36,123.23,121.34,122.85,105.527,30855012,0.0
302,2016-07-01,115.0,121.54,115.0,121.29,104.187,47922208,0.0
303,2016-06-24,116.6,117.38,115.0,115.63,99.3251,37627689,0.0
304,2016-06-17,117.13,117.74,115.01,115.48,99.1963,38054781,0.0
305,2016-06-10,114.97,117.23,114.9301,117.01,100.5105,32073436,0.0
306,2016-06-03,113.26,115.39,112.07,114.76,98.5778,29046001,0.0
307,2016-05-27,112.77,113.725,112.04,113.06,97.1175,26662547,0.0
308,2016-05-20,113.39,114.63,111.76,112.64,96.7567,39391993,0.8
309,2016-05-13,112.98,115.0,112.73,113.56,96.8591,35485197,0.0
310,2016-05-06,112.22,113.1,111.7,112.74,96.1597,29448273,0.0
311,2016-04-29,113.31,113.56,111.51,112.08,95.5967,32165509,0.0
312,2016-04-22,110.0,114.19,109.67,113.32,96.6544,41897594,0.0
313,2016-04-15,109.15,110.4,108.65,110.18,93.9762,35504406,0.0
314,2016-04-08,108.82,109.84,107.88,109.1,93.055,39560741,0.0
315,2016-04-01,108.41,109.56,107.69,109.19,93.1318,33809805,0.0
316,2016-03-24,107.41,108.825,106.55,108.31,92.3812,29971551,0.0
317,2016-03-18,107.92,108.35,106.36,107.5,91.6903,46113750,0.0
318,2016-03-11,106.0,107.99,105.49,107.71,91.8694,40352708,0.0
319,2016-03-04,105.28,107.41,105.04,106.5,90.8374,41811493,0.0
320,2016-02-26,104.44,106.92,102.97,105.78,90.2233,39790181,0.0
321,2016-02-19,102.37,104.68,101.65,104.16,88.8415,39441567,0.75
322,2016-02-12,100.31,103.51,99.98,101.82,86.2248,55701284,0.0
323,2016-02-05,103.61,104.785,99.78,100.54,85.1408,56498519,0.0
324,2016-01-29,96.72,104.75,96.04,104.44,88.4435,74346630,0.0
325,2016-01-22,97.93,98.41,94.28,96.75,81.9313,44787726,0.0
326,2016-01-15,98.24,99.47,96.08,97.0,82.143,46007853,0.0
327,2016-01-08,101.71,101.81,97.85,98.16,83.1254,46121801,0.0
328,2015-12-31,103.18,104.34,102.69,102.72,86.9869,16733251,0.0
329,2015-12-24,102.34,103.91,100.85,103.72,87.8338,21981418,0.0
330,2015-12-18,101.645,105.49,100.78,101.95,86.3349,51748868,0.0
331,2015-12-11,102.61,103.49,101.43,101.68,86.1062,37488596,0.0
332,2015-12-04,102.48,103.0,100.31,102.95,87.1817,42996085,0.0
333,2015-11-27,102.39,103.0,101.79,102.37,86.6906,21978008,0.0
334,2015-11-20,100.38,102.8,100.04,102.48,86.7837,30858535,0.75
335,2015-11-13,101.39,102.355,99.74,99.88,83.9674,33460861,0.0
336,2015-11-06,101.18,102.49,100.84,101.92,85.6824,30885695,0.0
337,2015-10-30,100.05,102.12,99.49,101.03,84.9342,40562016,0.0
338,2015-10-23,98.05,100.88,97.07,100.31,84.3289,40927232,0.0
339,2015-10-16,95.07,98.31,94.12,98.24,82.5887,49658795,0.0
340,2015-10-09,94.19,95.96,92.58,95.37,80.1759,42600869,0.0
341,2015-10-02,90.7,94.47,89.9,93.93,78.9654,54488249,0.0
342,2015-09-25,93.87,94.6,90.76,91.0,76.5022,41481799,0.0
343,2015-09-18,92.9,96.19,92.51,93.39,78.5114,43078978,0.0
344,2015-09-11,93.09,95.16,91.615,92.93,78.1247,34518349,0.0
345,2015-09-04,95.05,95.17,90.5728,91.31,76.7628,55216993,0.0
346,2015-08-28,91.08,96.4,81.79,95.17,80.0078,76349132,0.0
347,2015-08-21,98.44,100.1199,95.51,95.56,80.3357,48923320,0.75
348,2015-08-14,99.57,100.06,97.41,98.81,82.421,30648805,0.0
349,2015-08-07,100.0,101.0,98.16,98.85,82.4544,29746583,0.0
350,2015-07-31,98.97,100.98,97.915,100.21,83.5888,36079117,0.0
351,2015-07-24,100.5,100.81,99.05,99.15,82.7046,29165534,0.0
352,2015-07-17,100.05,101.36,98.55,100.08,83.4804,38694803,0.0
353,2015-07-10,97.71,99.89,96.64,99.53,83.0216,35071178,0.0
354,2015-07-02,98.98,99.35,97.3,98.44,82.1124,32937323,0.0
355,2015-06-26,100.6,100.84,99.07,99.64,83.1133,33971630,0.0
356,2015-06-19,97.75,100.55,97.01,99.86,83.2969,39501135,0.0
357,2015-06-12,98.6,99.8,97.8,98.35,82.0373,39816472,0.0
358,2015-06-05,100.28,100.6,98.2,98.59,82.2375,36600512,0.0
359,2015-05-29,101.23,101.7,99.83,100.14,83.5304,32864796,0.0
360,2015-05-22,102.37,104.48,101.33,101.35,84.5397,38440284,0.75
361,2015-05-15,101.32,102.32,100.28,102.3,84.7118,29906124,0.0
362,2015-05-08,100.33,101.67,98.66,101.47,84.0245,36292901,0.0
363,2015-05-01,101.16,101.6,98.77,100.13,82.9149,41940128,0.0
364,2015-04-24,100.26,101.529,99.91,101.08,83.7016,31874768,0.0
365,2015-04-17,101.54,101.98,99.11,99.58,82.4595,46717231,0.0
366,2015-04-10,98.84,102.14,98.04,102.06,84.5131,39800206,0.0
367,2015-04-02,101.24,101.86,98.61,99.64,82.5091,31553621,0.0
368,2015-03-27,102.47,103.35,99.56,100.34,83.0888,41659075,0.0
369,2015-03-20,99.74,102.9,99.13,102.4,84.7946,42297021,0.0
370,2015-03-13,100.2,100.92,98.22,99.21,82.1531,39707839,0.0
371,2015-03-06,102.86,103.41,99.88,100.11,82.8983,39677557,0.0
372,2015-02-27,100.74,103.33,99.8,102.51,84.8857,43087853,0.0
373,2015-02-20,99.39,100.94,99.11,100.26,83.0225,36617748,0.7
374,2015-02-13,101.06,101.06,97.15,99.62,81.9206,67292170,0.0
375,2015-02-06,100.49,102.56,99.38,101.1,83.1377,44366090,0.0
376,2015-01-30,101.8,102.93,100.09,100.14,82.3482,46421661,0.0
377,2015-01-23,101.55,103.83,100.26,102.2,84.0422,51331424,0.0
378,2015-01-16,105.17,106.33,101.95,104.04,85.5553,50826996,0.0
379,2015-01-09,104.48,106.5,102.94,104.94,86.2954,40690513,0.0
380,2015-01-02,104.64,106.11,104.13,104.52,85.95,20604038,0.0
381,2014-12-26,105.69,106.91,103.92,105.06,86.3941,24676700,0.0
382,2014-12-19,104.77,107.39,102.5,105.55,86.797,63441479,0.0
383,2014-12-12,108.42,108.88,104.39,104.43,85.876,38571541,0.0
384,2014-12-05,107.89,108.99,107.221,108.51,89.2311,34043892,0.0
385,2014-11-28,107.92,108.82,106.6,108.25,89.0173,27850662,0.0
386,2014-11-21,108.0,109.06,107.61,107.86,88.6966,32363935,0.7
387,2014-11-14,108.07,109.49,107.2,108.16,88.3698,29208795,0.0
388,2014-11-07,107.83,109.32,106.75,108.2,88.4025,36251368,0.0
389,2014-10-31,103.07,108.18,103.035,107.78,88.0594,45451998,0.0
390,2014-10-24,98.83,103.29,98.32,103.13,84.2602,38186659,0.0
391,2014-10-17,101.46,101.46,95.1,98.7,80.6407,79912213,0.0
392,2014-10-10,105.68,106.0,101.23,101.23,82.7078,42423190,0.0
393,2014-10-03,106.38,107.2099,103.25,105.13,85.8942,40092518,0.0
394,2014-09-26,108.0,108.77,106.2,107.1,87.5038,29857858,0.0
395,2014-09-19,104.59,108.37,104.3,107.99,88.2309,36896800,0.0
396,2014-09-12,104.42,105.34,103.55,104.58,85.4449,29065200,0.0
397,2014-09-05,103.3,104.42,103.02,104.42,85.3141,21262700,0.0
398,2014-08-29,103.65,103.81,102.71,103.73,84.7504,20746700,0.0
399,2014-08-22,101.92,104.42,101.75,103.1,84.2357,30266400,0.7
400,2014-08-15,101.62,102.44,100.31,101.17,82.1014,27069800,0.0
401,2014-08-08,99.99,101.19,99.315,101.08,82.0283,33470000,0.0
402,2014-08-01,101.89,102.85,98.8,99.9,81.0707,34435700,0.0
403,2014-07-25,101.44,102.93,101.02,102.11,82.8642,26878000,0.0
404,2014-07-18,105.38,105.49,100.26,101.8,82.6126,53578600,0.0
405,2014-07-11,105.42,106.74,104.52,105.1,85.2906,29420300,0.0
406,2014-07-03,105.62,106.25,104.52,105.42,85.5503,20037400,0.0
407,2014-06-27,104.91,105.97,104.23,104.99,85.2014,29959200,0.0
408,2014-06-20,102.52,105.48,101.38,105.27,85.4286,33866300,0.0
409,2014-06-13,103.07,104.15,102.17,102.53,83.205,25733700,0.0
410,2014-06-06,101.54,103.36,101.01,103.18,83.7325,27490200,0.0
411,2014-05-30,101.1,101.54,100.12,101.46,82.3367,18536200,0.0
412,2014-05-23,100.22,101.2,99.96,100.98,81.9472,28138700,0.7
413,2014-05-16,101.24,101.49,100.14,100.58,81.0605,31332200,0.0
414,2014-05-09,99.29,101.25,99.04,100.91,81.3265,31314500,0.0
415,2014-05-02,100.56,101.98,98.88,99.31,80.037,40452400,0.0
416,2014-04-25,99.01,100.75,98.67,99.79,80.4239,32891100,0.0
417,2014-04-17,97.28,99.71,96.25,98.96,79.7549,43077800,0.0
418,2014-04-11,98.39,99.36,96.05,96.87,78.0705,48310800,0.0
419,2014-04-04,98.0,99.38,97.37,98.42,79.3197,38390700,0.0
420,2014-03-28,95.3,98.47,94.54,97.44,78.5299,56837100,0.0
421,2014-03-21,93.26,95.93,92.92,95.93,77.313,47418300,0.0
422,2014-03-14,93.17,94.2,92.46,92.81,74.7985,31867500,0.0
423,2014-03-07,91.13,93.65,90.83,93.32,75.2095,37655800,0.0
424,2014-02-28,91.45,92.64,90.66,92.12,74.2424,37808200,0.0
425,2014-02-21,92.77,92.85,91.31,91.52,73.7588,18341874,0.66
426,2014-02-14,90.24,92.99,89.8,92.76,74.2229,38743700,0.0
427,2014-02-07,88.75,90.04,86.09,90.04,72.0465,55521300,0.0
428,2014-01-31,90.3,90.76,88.15,88.47,70.7902,47168400,0.0
429,2014-01-24,94.93,95.1,90.61,90.61,72.5026,45170400,0.0
430,2014-01-17,94.37,95.2701,94.06,95.06,76.0633,46662700,0.0
431,2014-01-10,91.93,95.38,91.87,94.74,75.8072,42245600,0.0
432,2014-01-03,92.16,92.3,91.01,91.85,73.4947,22275500,0.0
433,2013-12-27,92.56,92.96,91.76,92.35,73.8948,15429900,0.0
434,2013-12-20,91.42,92.75,89.77,92.09,73.6868,43714100,0.0
435,2013-12-13,94.3,94.79,91.07,91.35,73.0947,44170100,0.0
436,2013-12-06,94.41,94.6597,92.66,94.44,75.5672,37053600,0.0
437,2013-11-29,95.49,95.99,94.43,94.66,75.7432,22352800,0.0
438,2013-11-22,94.36,95.75,94.0,95.25,76.2153,35551000,0.66
439,2013-11-15,93.97,94.64,92.32,94.39,75.0074,35425700,0.0
440,2013-11-08,93.46,94.1,92.28,94.05,74.7372,30860800,0.0
441,2013-11-01,91.96,93.5799,91.92,93.37,74.1969,33552900,0.0
442,2013-10-25,91.63,92.99,90.77,92.09,73.1797,34352600,0.0
443,2013-10-18,88.83,92.05,88.63,91.63,72.8142,45990800,0.0
444,2013-10-11,86.7,89.48,85.5,89.45,71.0818,39486900,0.0
445,2013-10-04,86.33,87.49,86.15,87.31,69.3813,34439000,0.0
446,2013-09-27,89.43,89.75,86.44,86.73,68.9204,34528600,0.0
447,2013-09-20,89.43,90.72,88.3,89.68,71.2646,45399900,0.0
448,2013-09-13,87.39,89.57,87.01,88.57,70.3825,39253600,0.0
449,2013-09-06,86.89,87.92,86.0,87.16,69.2621,31732100,0.0
450,2013-08-30,88.36,88.48,85.85,86.41,68.6661,38735000,0.0
451,2013-08-23,89.47,91.65,87.21,88.41,70.2554,40093700,0.66
452,2013-08-16,92.08,93.35,88.77,89.37,70.492,59940300,0.0
453,2013-08-09,94.05,94.37,91.78,92.36,72.8504,45890100,0.0
454,2013-08-02,92.63,94.42,92.61,94.39,74.4516,47755400,0.0
455,2013-07-26,92.08,92.93,91.61,92.83,73.2211,41261900,0.0
456,2013-07-19,89.91,92.27,89.76,92.23,72.7479,58420200,0.0
457,2013-07-12,88.09,89.99,87.97,89.99,70.9811,44999000,0.0
458,2013-07-05,85.72,87.88,85.5,87.87,69.3089,27480800,0.0
459,2013-06-28,82.92,87.8224,82.81,85.86,67.7234,58770000,0.0
460,2013-06-21,85.37,86.5,82.12,83.2,65.6253,59839500,0.0
461,2013-06-14,85.01,85.71,83.0804,84.91,66.9741,40784400,0.0
462,2013-06-07,84.28,85.18,82.65,84.91,66.9741,51158300,0.0
463,2013-05-31,87.54,88.29,84.18,84.18,66.3983,41356200,0.0
464,2013-05-24,88.1,89.99,86.49,86.82,68.4807,55998300,0.66
465,2013-05-17,85.56,88.2,85.44,88.09,68.9605,51316200,0.0
466,2013-05-10,85.78,85.78,84.55,85.76,67.1365,41858800,0.0
467,2013-05-03,85.02,85.99,83.88,85.75,67.1287,50332400,0.0
468,2013-04-26,84.59,85.74,84.0,85.12,66.6355,40926700,0.0
469,2013-04-19,82.72,84.57,81.71,84.49,66.1423,59408200,0.0
470,2013-04-12,81.27,82.96,80.31,82.74,64.7723,49392400,0.0
471,2013-04-05,81.39,82.95,81.28,82.04,64.2243,48857400,0.0
472,2013-03-28,79.83,81.59,79.47,81.53,63.8251,44335000,0.0
473,2013-03-22,78.72,79.74,78.5,79.74,62.4238,38411400,0.0
474,2013-03-15,77.92,79.24,77.84,79.19,61.9932,54008400,0.0
475,2013-03-08,76.73,78.22,76.73,78.19,61.2104,47113200,0.0
476,2013-03-01,76.47,76.77,75.5,76.7,60.0439,50860300,0.0
477,2013-02-22,76.03,77.02,75.96,76.25,59.6917,35642100,0.61
478,2013-02-15,75.28,76.16,75.05,76.16,59.148,41521000,0.0
479,2013-02-08,73.56,75.61,73.56,75.48,58.6199,49467000,0.0
480,2013-02-01,73.96,74.8,73.43,74.18,57.6103,51517900,0.0
481,2013-01-25,72.92,73.93,72.42,73.92,57.4084,41416100,0.0
482,2013-01-18,72.6,73.23,72.0,73.23,56.8725,48089700,0.0
483,2013-01-11,71.5,72.58,71.191,72.35,56.1891,31683359,0.0
484,2013-01-04,69.24,71.73,69.175,71.55,55.5678,46874300,0.0
485,2012-12-28,70.32,70.4,69.415,69.48,53.9601,33135300,0.0
486,2012-12-21,70.84,71.31,70.06,70.27,54.5737,76453300,0.0
487,2012-12-14,70.26,71.62,70.26,70.69,54.8999,55519800,0.0
488,2012-12-07,69.8,70.5225,69.36,70.45,54.7135,54724600,0.0
489,2012-11-30,69.12,69.92,68.6,69.73,54.1543,51965300,0.0
490,2012-11-23,69.54,69.875,68.95,69.56,54.0223,35286900,0.61
491,2012-11-16,69.79,70.11,68.51,69.19,53.2678,54552100,0.0
492,2012-11-09,70.86,71.62,69.43,69.87,53.7913,50685500,0.0
493,2012-11-02,71.11,71.9,70.48,70.9,54.5843,29123300,0.0
494,2012-10-26,71.79,72.29,70.525,70.9,54.5843,52329300,0.0
495,2012-10-19,68.18,72.74,68.07,71.86,55.3234,107061600,0.0
496,2012-10-12,69.6,69.65,67.8,67.97,52.3285,50711600,0.0
497,2012-10-05,68.92,69.74,68.64,69.65,53.6219,47093600,0.0
498,2012-09-28,68.88,69.64,68.5,68.91,53.0522,49225800,0.0
499,2012-09-21,68.49,69.3611,68.0,69.06,53.1677,57326900,0.0
500,2012-09-14,67.99,69.17,67.83,68.47,52.7135,54524000,0.0
501,2012-09-07,67.49,68.22,66.97,67.88,52.2593,39147500,0.0
502,2012-08-31,67.54,67.96,66.85,67.43,51.9128,44945800,0.0
503,2012-08-24,67.8,68.25,67.15,67.6,52.0437,50781200,0.61
504,2012-08-17,68.39,68.84,67.51,67.8,51.7309,50284100,0.0
505,2012-08-10,69.18,69.34,68.12,68.64,52.3718,41973900,0.0
506,2012-08-03,69.37,69.75,68.02,69.12,52.738,54809900,0.0
507,2012-07-27,68.14,69.68,67.0,69.52,53.0432,64292400,0.0
508,2012-07-20,68.47,69.7,67.61,68.63,52.3641,80203700,0.0
509,2012-07-13,67.74,68.74,67.44,68.61,52.3489,67086800,0.0
510,2012-07-06,67.42,68.15,67.34,67.64,51.6088,43070900,0.0
511,2012-06-29,66.26,67.7,66.14,67.56,51.5477,72825600,0.0
512,2012-06-22,65.82,67.0,65.82,66.63,50.8382,114131000,0.0
513,2012-06-15,62.97,66.1,61.83,66.01,50.3651,197629700,0.0
514,2012-06-08,62.04,63.2,61.89,62.98,48.0532,54494700,0.0
515,2012-06-01,62.84,62.93,61.71,61.78,47.1377,44862600,0.0
516,2012-05-25,63.26,63.83,62.29,62.51,47.6946,48981200,0.61
517,2012-05-18,64.03,64.14,63.09,63.35,47.8728,79981000,0.0
518,2012-05-11,64.58,65.02,64.23,64.34,48.6209,77055700,0.0
519,2012-05-04,64.85,65.485,64.74,64.74,48.9232,50553000,0.0
520,2012-04-27,63.5,65.13,63.3,64.84,48.9987,50192000,0.0
521,2012-04-20,63.72,64.28,62.76,63.71,48.1448,78902700,0.0
522,2012-04-13,64.95,65.23,63.52,63.54,48.0163,53939600,0.0
523,2012-04-05,66.04,66.3,65.09,65.34,49.3766,35269300,0.0
524,2012-03-30,64.89,66.18,64.83,65.96,49.8451,50394100,0.0
525,2012-03-23,64.95,65.27,64.37,64.55,48.7796,41605600,0.0
526,2012-03-16,64.55,65.46,64.54,65.12,49.2103,55860900,0.0
527,2012-03-09,64.69,65.08,64.12,64.74,48.9232,45425600,0.0
528,2012-03-02,64.26,65.42,64.02,64.77,48.9458,46471200,0.0
529,2012-02-24,65.23,66.05,64.19,64.46,48.7116,35702000,0.57
530,2012-02-17,64.9,65.28,64.33,64.99,48.6816,44916400,0.0
531,2012-02-10,65.46,65.58,64.25,64.6,48.3895,50563600,0.0
532,2012-02-03,65.33,66.32,65.13,65.64,49.1685,50639500,0.0
533,2012-01-27,65.23,65.88,64.34,65.56,49.1086,56036700,0.0
534,2012-01-20,65.54,65.69,64.5,65.27,48.8913,42870800,0.0
535,2012-01-13,64.96,65.54,64.3631,65.26,48.8839,39577500,0.0
536,2012-01-06,65.59,66.0,64.61,64.83,48.5618,52606100,0.0
537,2011-12-30,65.99,66.315,65.25,65.58,49.1236,21601100,0.0
538,2011-12-23,64.18,66.0,63.36,65.98,49.4232,43721500,0.0
539,2011-12-16,63.87,64.37,62.93,64.3,48.1648,63697600,0.0
540,2011-12-09,64.1,64.81,62.85,64.53,48.337,55619500,0.0
541,2011-12-02,61.88,64.95,61.78,63.47,47.543,61279700,0.0
542,2011-11-25,63.27,63.34,61.05,61.27,45.8951,57688300,0.57
543,2011-11-18,64.97,65.33,63.3,63.85,47.3868,53984800,0.0
544,2011-11-11,63.96,65.49,63.1,65.25,48.4259,44530200,0.0
545,2011-11-04,65.17,65.86,63.18,64.12,47.5872,58797700,0.0
546,2011-10-28,63.9,65.845,63.56,65.6,48.6856,59651100,0.0
547,2011-10-21,64.4,64.84,62.16,63.78,47.3349,67205800,0.0
548,2011-10-14,63.89,64.74,63.57,64.72,48.0325,38567700,0.0
549,2011-10-07,63.65,64.21,60.83,63.13,46.8525,72445300,0.0
550,2011-09-30,62.05,64.74,62.01,63.69,47.2681,56123500,0.0
551,2011-09-23,64.05,64.85,61.0,61.59,45.7096,59928500,0.0
552,2011-09-16,62.45,64.74,62.3,64.59,47.936,64787600,0.0
553,2011-09-09,63.17,65.93,62.5,63.64,47.231,59167700,0.0
554,2011-09-02,64.64,66.23,63.91,64.07,47.5501,63460900,0.0
555,2011-08-26,63.99,65.7,62.5007,64.28,47.706,70376300,0.57
556,2011-08-19,63.85,64.85,62.02,63.14,46.448,107122900,0.0
557,2011-08-12,61.8,64.19,59.08,63.36,46.6099,177239100,0.0
558,2011-08-05,65.28,65.33,61.05,62.71,46.1317,98144200,0.0
559,2011-07-29,66.21,66.43,64.13,64.79,47.6618,59815800,0.0
560,2011-07-22,67.17,67.35,66.06,66.72,49.0816,52066100,0.0
561,2011-07-15,66.88,67.98,66.83,67.45,49.6186,48360900,0.0
562,2011-07-08,67.29,68.05,67.19,67.57,49.7069,33155300,0.0
563,2011-07-01,65.29,67.36,65.0,67.3,49.5083,43114800,0.0
564,2011-06-24,66.08,66.75,64.69,65.06,47.8604,56529800,0.0
565,2011-06-17,66.32,67.36,65.47,66.29,48.7653,58179100,0.0
566,2011-06-10,65.87,67.28,65.18,66.09,48.6181,52211900,0.0
567,2011-06-03,67.31,67.34,65.8,66.09,48.6181,47425000,0.0
568,2011-05-27,65.19,66.97,65.08,66.77,49.1184,66234800,0.57
569,2011-05-20,66.41,66.79,65.28,65.69,47.9071,53377800,0.0
570,2011-05-13,65.11,67.37,65.07,66.62,48.5853,66005400,0.0
571,2011-05-06,65.92,66.46,64.8,65.27,47.6008,68800400,0.0
572,2011-04-29,63.65,65.975,63.4,65.72,47.9289,70695800,0.0
573,2011-04-21,60.45,64.54,60.1,64.07,46.7256,84538100,0.0
574,2011-04-15,59.54,60.95,59.49,60.56,44.1658,58607500,0.0
575,2011-04-08,59.5,60.18,59.25,59.46,43.3636,47070100,0.0
576,2011-04-01,58.98,59.73,58.93,59.49,43.3855,47987400,0.0
577,2011-03-25,58.67,59.16,58.5,58.98,43.0135,47477500,0.0
578,2011-03-18,59.49,59.49,57.5,58.57,42.7145,71615300,0.0
579,2011-03-11,61.09,61.1,59.11,59.69,43.5313,40905237,0.0
580,2011-03-04,59.93,61.5,59.77,61.06,44.5304,63566300,0.0
581,2011-02-25,60.68,61.08,59.36,59.64,43.4949,46781200,0.54
582,2011-02-18,60.69,61.22,60.33,61.11,44.167,45656700,0.0
583,2011-02-11,60.88,61.17,60.42,60.7,43.8707,42884400,0.0
584,2011-02-04,60.16,60.99,59.69,60.84,43.9719,63635300,0.0
585,2011-01-28,62.56,62.72,60.0,60.01,43.372,86210100,0.0
586,2011-01-21,62.219,63.25,62.01,62.66,45.2873,47992400,0.0
587,2011-01-14,62.29,62.98,62.0,62.55,45.2078,46224900,0.0
588,2011-01-07,62.63,63.54,62.53,62.6,45.2439,57769800,0.0
589,2010-12-31,62.19,62.44,61.75,61.85,44.7018,27238100,0.0
590,2010-12-23,62.54,62.8,61.92,62.25,44.9909,32894800,0.0
591,2010-12-17,61.8301,63.16,61.56,62.54,45.2005,65799500,0.0
592,2010-12-10,62.31,62.96,61.69,61.91,44.7452,50812600,0.0
593,2010-12-03,61.81,62.88,61.25,62.56,45.215,60060700,0.0
594,2010-11-26,63.5,63.82,62.14,62.3,45.0271,40175900,0.54
595,2010-11-19,64.11,64.69,62.65,63.83,45.7364,58087200,0.0
596,2010-11-12,64.56,64.61,63.51,63.67,45.6218,50552600,0.0
597,2010-11-05,63.88,64.92,63.31,64.65,46.324,47924100,0.0
598,2010-10-29,64.04,64.23,63.28,63.74,45.672,46259600,0.0
599,2010-10-22,63.69,64.22,62.5,63.81,45.7221,56142800,0.0
600,2010-10-15,63.26,64.0,62.97,63.57,45.5501,46882000,0.0
601,2010-10-08,61.54,63.5,61.3,63.23,45.3065,49664200,0.0
602,2010-10-01,62.22,62.7,61.55,61.75,44.246,52029200,0.0
603,2010-09-24,61.65,62.5,61.51,62.14,44.5255,50824700,0.0
604,2010-09-17,60.06,61.72,59.92,61.57,44.1171,52467900,0.0
605,2010-09-10,58.8,60.0282,58.42,59.98,42.9778,36474100,0.0
606,2010-09-03,57.6,59.0,57.0,58.93,42.2254,51020000,0.0
607,2010-08-27,58.98,59.35,56.99,57.6,41.2724,59957200,0.54
608,2010-08-20,57.99,59.82,57.47,58.74,41.6984,56001100,0.0
609,2010-08-13,60.0,60.25,58.06,58.15,41.2795,48482800,0.0
610,2010-08-06,58.5,60.0,58.41,59.96,42.5644,51140300,0.0
611,2010-07-30,57.65,58.44,57.27,58.09,41.2369,68250300,0.0
612,2010-07-23,59.72,59.79,56.86,57.63,40.9104,91339400,0.0
613,2010-07-16,60.48,60.96,59.25,59.44,42.1953,61799400,0.0
614,2010-07-09,59.5,61.73,58.669,60.54,42.9761,60811000,0.0
615,2010-07-02,58.99,59.79,58.65,59.08,41.9397,68372700,0.0
616,2010-06-25,59.5,60.09,58.63,58.7,41.67,70403100,0.0
617,2010-06-18,58.7,59.58,58.38,59.18,42.0107,58824800,0.0
618,2010-06-11,58.17,59.13,57.87,58.46,41.4996,73666000,0.0
619,2010-06-04,58.21,60.15,57.55,58.01,41.1801,71129800,0.0
620,2010-05-28,60.62,61.45,58.19,58.3,41.386,110828900,0.54
621,2010-05-21,64.06,64.24,59.51,60.88,42.8257,93516600,0.0
622,2010-05-14,64.91,65.36,63.41,63.97,44.9994,65203300,0.0
623,2010-05-07,65.16,65.62,60.03,63.31,44.5351,88227000,0.0
624,2010-04-30,64.99,65.34,64.21,64.3,45.2315,55806300,0.0
625,2010-04-23,65.06,66.2,64.33,65.04,45.7521,71156300,0.0
626,2010-04-16,65.11,65.85,64.89,65.02,45.738,56075100,0.0
627,2010-04-09,65.77,65.89,64.77,65.14,45.8224,42222400,0.0
628,2010-04-01,64.46,65.77,64.4,65.77,46.2656,38664200,0.0
629,2010-03-26,65.07,65.44,64.33,64.38,45.2878,47517200,0.0
630,2010-03-19,64.14,65.49,64.07,65.11,45.8013,59247100,0.0
631,2010-03-12,64.08,64.56,63.6,64.18,45.1471,68825000,0.0
632,2010-03-05,63.27,64.07,63.02,64.04,45.0486,46294600,0.0
633,2010-02-26,63.81,64.1,62.52,63.0,44.317,50727100,0.0
634,2010-02-19,63.25,64.7,62.82,63.81,44.8868,42180800,0.49
635,2010-02-12,62.5,63.47,62.11,62.72,43.7839,52242800,0.0
636,2010-02-05,63.26,64.195,61.89,62.64,43.728,68190800,0.0
637,2010-01-29,63.67,64.27,62.22,62.86,43.8816,75554800,0.0
638,2010-01-22,64.14,65.95,63.09,63.2,44.1189,56705900,0.0
639,2010-01-15,64.75,65.265,63.98,64.56,45.0683,60714200,0.0
640,2010-01-08,64.71,64.99,63.63,64.21,44.824,52150400,0.0
641,2009-12-31,64.9,65.4,64.33,64.41,44.9636,24919800,0.0
642,2009-12-24,64.64,65.0,64.23,64.7,45.1661,27044300,0.0
643,2009-12-18,65.2,65.41,63.91,64.37,44.9357,64483500,0.0
644,2009-12-11,64.48,65.16,63.93,64.85,45.2708,45127900,0.0
645,2009-12-04,62.78,65.28,62.2375,64.36,44.9287,61526300,0.0
646,2009-11-27,62.49,63.44,62.01,62.89,43.9025,36817200,0.0
647,2009-11-20,61.45,62.62,61.41,62.31,43.4976,66309400,0.49
648,2009-11-13,60.42,61.58,60.29,61.43,42.5487,58363400,0.0
649,2009-11-06,59.15,60.34,58.8,60.3,41.766,61112000,0.0
650,2009-10-30,60.69,60.93,58.78,59.05,40.9002,70837200,0.0
651,2009-10-23,60.61,61.59,60.04,60.54,41.9323,60369300,0.0
652,2009-10-16,61.89,62.74,60.14,60.46,41.8769,83137300,0.0
653,2009-10-09,59.8,61.74,59.34,61.74,42.7634,44620200,0.0
654,2009-10-02,60.7,61.54,59.42,59.73,41.3712,48650400,0.0
655,2009-09-25,60.45,61.28,60.35,60.62,41.9877,45584800,0.0
656,2009-09-18,60.34,61.25,59.74,60.78,42.0985,52531800,0.0
657,2009-09-11,60.77,61.13,59.99,60.42,41.8492,35401200,0.0
658,2009-09-04,60.04,60.75,59.28,60.32,41.7799,46807100,0.0
659,2009-08-28,61.18,61.49,59.95,60.29,41.7591,54100000,0.0
660,2009-08-21,59.6,61.42,59.5,61.03,42.2717,54777000,0.49
661,2009-08-14,60.08,61.05,59.55,60.08,41.2822,43340100,0.0
662,2009-08-07,61.16,61.23,59.7,59.9,41.1585,49470900,0.0
663,2009-07-31,61.49,62.47,60.6,60.89,41.8388,53353300,0.0
664,2009-07-24,59.46,61.62,58.74,61.51,42.2648,53715500,0.0
665,2009-07-17,56.91,59.7,56.77,59.23,40.6982,69891800,0.0
666,2009-07-10,56.11,57.38,55.71,56.93,39.1178,62958900,0.0
667,2009-07-02,56.61,57.23,55.95,55.97,38.4582,60222400,0.0
668,2009-06-26,55.87,56.6,54.91,56.6,38.891,84688000,0.0
669,2009-06-19,55.84,56.65,54.54,56.09,38.5406,71917100,0.0
670,2009-06-12,55.72,56.54,55.16,56.06,38.52,58989500,0.0
671,2009-06-05,55.75,56.48,55.14,55.93,38.4307,56357600,0.0
672,2009-05-29,54.69,55.5,53.86,55.16,37.9016,47265500,0.0
673,2009-05-22,55.8,56.48,54.45,54.77,37.6336,59877900,0.49
674,2009-05-15,54.56,55.44,53.9,55.41,37.7371,64288400,0.0
675,2009-05-08,52.61,55.5,52.6,54.98,37.4442,73325200,0.0
676,2009-05-01,51.32,52.61,50.12,52.59,35.8165,76145600,0.0
677,2009-04-24,53.17,53.49,50.31,50.92,34.6792,70256000,0.0
678,2009-04-17,51.27,53.37,51.0,53.05,36.1298,74246200,0.0
679,2009-04-09,52.03,52.54,51.1,51.41,35.0129,51890100,0.0
680,2009-04-03,52.54,54.13,51.75,52.15,35.5169,80623800,0.0
681,2009-03-27,52.38,53.7,51.67,52.83,35.98,77605600,0.0
682,2009-03-20,51.02,52.0,49.46,51.67,35.19,97159100,0.0
683,2009-03-13,47.46,50.79,46.25,50.64,34.4885,94604200,0.0
684,2009-03-06,49.0,49.43,47.01,47.97,32.6701,119689900,0.0
685,2009-02-27,54.17,55.09,49.94,50.0,34.0526,111522900,0.0
686,2009-02-20,55.94,56.79,54.55,54.65,37.2195,67390400,0.46
687,2009-02-13,58.55,58.7,56.08,57.1,38.5635,67650100,0.0
688,2009-02-06,57.41,59.13,56.92,58.51,39.5157,61785100,0.0
689,2009-01-30,56.2,58.77,55.8,57.69,38.9619,79233500,0.0
690,2009-01-23,56.99,58.03,55.09,55.97,37.8003,85939900,0.0
691,2009-01-16,59.08,59.41,56.01,57.44,38.7931,88604500,0.0
692,2009-01-09,60.42,60.77,58.55,59.05,39.8804,83974600,0.0
693,2009-01-02,58.58,61.0,57.34,60.65,40.961,44300100,0.0
694,2008-12-26,59.18,59.94,58.06,58.56,39.5495,32595300,0.0
695,2008-12-19,57.73,60.25,56.95,58.84,39.7386,88584400,0.0
696,2008-12-12,59.07,59.77,56.41,57.25,38.6648,73974700,0.0
697,2008-12-05,57.66,58.37,54.95,58.23,39.3266,87379300,0.0
698,2008-11-28,59.22,60.0,56.52,58.58,39.563,68120900,0.0
699,2008-11-21,58.8,61.53,54.49,58.35,39.4077,127147900,0.46
700,2008-11-14,61.0,63.01,57.32,60.05,40.2386,94989200,0.0
701,2008-11-07,61.49,62.17,57.5,60.22,40.3525,85395400,0.0
702,2008-10-31,60.41,64.5,59.68,61.34,41.103,121027400,0.0
703,2008-10-24,63.44,64.9,58.64,60.79,40.7345,102025000,0.0
704,2008-10-17,58.46,67.48,57.95,62.65,41.9808,156373700,0.0
705,2008-10-10,65.04,66.04,52.06,55.85,37.4242,179137500,0.0
706,2008-10-03,68.81,69.86,66.1,66.16,44.3328,127225000,0.0
707,2008-09-26,69.83,70.71,67.55,69.4,46.5039,69838300,0.0
708,2008-09-19,69.92,72.69,69.2,69.99,46.8992,125159100,0.0
709,2008-09-12,71.2,72.76,70.3,70.59,47.3013,77754700,0.0
710,2008-09-05,71.09,72.1,70.31,70.67,47.3549,49389000,0.0
711,2008-08-29,71.25,71.69,70.25,70.43,47.1941,41560400,0.0
712,2008-08-22,71.61,71.68,70.51,71.42,47.8575,44816200,0.46
713,2008-08-15,71.43,71.9,70.64,71.33,47.4913,49779300,0.0
714,2008-08-08,68.18,71.68,67.97,71.55,47.6377,78855600,0.0
715,2008-08-01,68.96,69.05,67.71,68.1,45.3407,59200300,0.0
716,2008-07-25,67.98,69.25,67.0,69.03,45.9599,64135100,0.0
717,2008-07-18,66.31,68.81,66.09,67.82,45.1543,81322600,0.0
718,2008-07-11,65.1,67.2,64.87,66.26,44.1157,77955700,0.0
719,2008-07-03,63.54,65.36,63.1,65.12,43.3567,47577100,0.0
720,2008-06-27,64.2,65.68,63.4,63.57,42.3247,61268100,0.0
721,2008-06-20,65.96,66.25,63.88,64.06,42.6509,53658900,0.0
722,2008-06-13,65.88,66.37,65.11,66.27,44.1223,47940100,0.0
723,2008-06-06,66.55,67.1,65.68,65.76,43.7828,52903700,0.0
724,2008-05-30,64.82,67.03,64.54,66.74,44.4353,47396500,0.0
725,2008-05-23,66.6,66.94,64.86,64.92,43.2235,51533700,0.46
726,2008-05-16,66.59,67.11,66.3,66.68,44.0853,44435100,0.0
727,2008-05-09,68.04,68.32,66.35,66.55,43.9993,50869300,0.0
728,2008-05-02,67.3,68.32,66.92,68.26,45.1299,55604200,0.0
729,2008-04-25,66.25,67.74,65.79,67.31,44.5018,51599500,0.0
730,2008-04-18,65.92,66.8,64.99,66.51,43.9729,59889300,0.0
731,2008-04-11,65.78,66.75,65.5,66.0,43.6357,43859800,0.0
732,2008-04-04,64.29,65.97,63.72,65.73,43.4572,50395500,0.0
733,2008-03-28,65.38,65.54,64.06,64.18,42.4324,50281900,0.0
734,2008-03-20,61.64,65.81,61.64,65.38,43.2258,54107400,0.0
735,2008-03-14,61.7,63.44,61.17,62.65,41.4209,77642800,0.0
736,2008-03-07,62.14,63.3,61.4,61.51,40.6672,63917000,0.0
737,2008-02-29,63.34,64.07,61.88,61.96,40.9647,49341400,0.0
738,2008-02-22,63.37,63.83,62.5,63.18,41.7713,45392800,0.415
739,2008-02-15,62.0,63.75,61.36,62.9,41.3148,56525400,0.0
740,2008-02-08,63.36,63.75,61.94,62.03,40.7433,55885600,0.0
741,2008-02-01,62.57,64.09,61.72,63.36,41.6169,66963900,0.0
742,2008-01-25,65.31,66.75,62.13,62.46,41.0258,94355300,0.0
743,2008-01-18,67.89,68.85,66.01,66.29,43.5414,82570400,0.0
744,2008-01-11,66.01,68.29,65.75,67.88,44.5858,73906300,0.0
745,2008-01-04,67.29,67.33,65.36,65.84,43.2459,42477900,0.0
746,2007-12-28,67.61,68.3,67.01,67.38,44.2574,22074400,0.0
747,2007-12-21,67.55,68.19,67.18,68.03,44.6843,64205900,0.0
748,2007-12-14,67.625,68.4,67.02,67.59,44.3953,55084000,0.0
749,2007-12-07,67.47,68.5,67.3,67.68,44.4544,47291100,0.0
750,2007-11-30,66.59,68.75,66.39,67.74,44.4938,74039100,0.0
751,2007-11-23,67.46,68.01,66.17,66.88,43.929,55630700,0.415
752,2007-11-16,65.0,67.78,64.98,67.75,44.226,72839600,0.0
753,2007-11-09,64.01,65.75,63.73,65.16,42.5353,61311100,0.0
754,2007-11-02,64.45,65.46,64.3,64.78,42.2872,52097000,0.0
755,2007-10-26,64.3,64.6,63.55,64.3,41.9739,50132100,0.0
756,2007-10-19,65.95,66.16,64.16,64.23,41.9282,62537800,0.0
757,2007-10-12,66.25,66.38,65.67,65.94,43.0444,39237300,0.0
758,2007-10-05,65.66,66.8,65.66,66.25,43.2468,49935100,0.0
759,2007-09-28,64.98,65.75,64.75,65.7,42.8878,52792200,0.0
760,2007-09-21,63.02,65.56,62.7,65.12,42.5092,71412700,0.0
761,2007-09-14,61.85,63.32,61.57,63.2,41.2558,54622700,0.0
762,2007-09-07,61.63,62.05,61.26,61.68,40.2636,41728800,0.0
763,2007-08-31,61.66,62.07,61.23,61.79,40.3354,57134600,0.0
764,2007-08-24,61.84,62.37,61.35,61.88,40.3942,55576800,0.415
765,2007-08-17,61.32,62.98,60.73,62.02,40.2158,85843300,0.0
766,2007-08-10,60.31,62.6,60.31,61.15,39.6517,84804600,0.0
767,2007-08-03,59.93,61.78,59.77,60.55,39.2626,83196300,0.0
768,2007-07-27,61.89,62.33,59.72,59.77,38.7569,77638000,0.0
769,2007-07-20,63.37,63.88,61.72,61.79,40.0667,84256800,0.0
770,2007-07-13,62.36,63.6,61.99,63.43,41.1301,64320500,0.0
771,2007-07-06,61.94,62.42,61.38,62.13,40.2872,28665100,0.0
772,2007-06-29,61.0,61.96,60.97,61.62,39.9565,62575100,0.0
773,2007-06-22,62.85,62.9,60.73,60.73,39.3794,63631300,0.0
774,2007-06-15,62.35,63.12,61.32,62.77,40.7022,61715300,0.0
775,2007-06-08,63.04,63.67,61.46,62.13,40.2872,61203400,0.0
776,2007-06-01,63.2,63.77,62.76,63.41,41.1172,43917400,0.0
777,2007-05-25,63.85,64.1,63.09,63.19,40.9745,49057300,0.415
778,2007-05-18,63.0,63.63,61.66,63.42,40.8565,81606800,0.0
779,2007-05-11,63.98,64.33,61.65,62.27,40.1157,83030500,0.0
780,2007-05-04,64.0,64.94,63.75,64.48,41.5394,47424500,0.0
781,2007-04-27,64.93,65.15,63.85,64.17,41.3397,54487900,0.0
782,2007-04-20,62.49,65.45,62.41,65.12,41.9517,82550400,0.0
783,2007-04-13,61.6,62.38,61.37,62.35,40.1672,53544300,0.0
784,2007-04-05,60.26,61.9,60.03,61.55,39.6518,44467600,0.0
785,2007-03-30,60.33,60.8,59.87,60.26,38.8208,76313400,0.0
786,2007-03-23,60.56,61.48,60.35,60.51,38.9819,67003100,0.0
787,2007-03-16,62.25,62.35,60.11,60.51,38.9819,72393600,0.0
788,2007-03-09,61.45,62.53,61.37,62.14,40.0319,74074600,0.0
789,2007-03-02,64.25,64.49,61.73,61.95,39.9095,74117500,0.0
790,2007-02-23,65.26,65.83,63.99,64.15,41.3268,45937700,0.375
791,2007-02-16,65.72,65.93,65.24,65.51,41.9577,42183600,0.0
792,2007-02-09,66.38,66.6,65.53,65.6,42.0153,37949300,0.0
793,2007-02-02,66.25,67.15,66.0,66.58,42.643,44046200,0.0
794,2007-01-26,68.01,68.11,65.99,66.07,42.3164,46110200,0.0
795,2007-01-19,66.65,68.22,66.3,67.76,43.3988,41322500,0.0
796,2007-01-12,66.51,66.85,66.05,66.64,42.6814,32417100,0.0
797,2007-01-05,66.13,67.62,65.9,66.62,42.6686,32248400,0.0
798,2006-12-29,65.6,66.6,65.48,66.02,42.2843,20300400,0.0
799,2006-12-22,66.22,67.25,65.45,65.65,42.0474,42718900,0.0
800,2006-12-15,65.96,66.62,65.29,66.29,42.4573,47571300,0.0
801,2006-12-08,66.39,66.72,65.68,65.95,42.2395,37994600,0.0
802,2006-12-01,65.5,66.43,65.22,65.97,42.2523,41037700,0.0
803,2006-11-24,67.58,67.6,65.85,65.85,42.1755,26144400,0.375
804,2006-11-17,66.25,67.6,65.31,67.24,42.8219,49496300,0.0
805,2006-11-10,67.62,69.03,65.475,66.29,42.2168,59718500,0.0
806,2006-11-03,67.9,68.36,66.85,67.81,43.1849,49748400,0.0
807,2006-10-27,68.35,69.41,68.0,68.17,43.4141,42919400,0.0
808,2006-10-20,65.05,69.14,64.7,68.62,43.7007,60218900,0.0
809,2006-10-13,64.77,65.74,64.5,64.58,41.1278,30764100,0.0
810,2006-10-06,65.0,65.88,64.86,65.06,41.4335,34483100,0.0
811,2006-09-29,64.25,65.04,64.02,64.94,41.3571,29846800,0.0
812,2006-09-22,63.95,64.5,63.85,63.96,40.733,31516700,0.0
813,2006-09-15,63.65,64.14,63.42,63.79,40.6247,33542000,0.0
814,2006-09-08,64.6,64.74,63.25,63.59,40.4974,28923600,0.0
815,2006-09-01,64.79,64.89,64.3,64.72,41.217,25029800,0.0
816,2006-08-25,64.27,65.13,63.8,64.67,41.1852,38395700,0.375
817,2006-08-18,63.95,64.75,63.74,64.42,40.7894,35942200,0.0
818,2006-08-11,63.25,63.79,63.03,63.47,40.1879,30625400,0.0
819,2006-08-04,62.67,63.7,62.29,63.53,40.2259,32236600,0.0
820,2006-07-28,61.67,63.0,61.49,62.92,39.8396,35237000,0.0
821,2006-07-21,60.55,61.99,59.6842,61.73,39.0862,38269700,0.0
822,2006-07-14,60.85,61.06,60.15,60.46,38.282,33559000,0.0
823,2006-07-07,60.13,60.87,59.8,60.62,38.3833,20843700,0.0
824,2006-06-30,59.51,60.35,58.97,59.92,37.9401,54105100,0.0
825,2006-06-23,61.6,62.0,59.75,61.32,38.8266,36733700,0.0
826,2006-06-16,61.45,61.75,60.92,61.68,39.0545,48080600,0.0
827,2006-06-09,60.35,61.75,60.09,61.51,38.9469,48148500,0.0
828,2006-06-02,60.48,61.01,59.82,60.74,38.4593,28429600,0.0
829,2006-05-26,59.9,60.93,59.65,60.69,38.4277,47735800,0.375
830,2006-05-19,58.97,60.79,58.84,59.9,37.6936,54427200,0.0
831,2006-05-12,58.7,59.25,58.25,58.83,37.0203,40979800,0.0
832,2006-05-05,58.71,58.96,58.19,58.7,36.9385,37359700,0.0
833,2006-04-28,58.34,58.92,58.12,58.61,36.8818,47419200,0.0
834,2006-04-21,57.68,58.6,57.46,58.37,36.7308,48248500,0.0
835,2006-04-13,57.85,58.02,57.32,57.91,36.4414,32471700,0.0
836,2006-04-07,59.49,59.76,57.7,57.83,36.391,42993900,0.0
837,2006-03-31,60.07,60.4,59.06,59.22,37.2657,39393700,0.0
838,2006-03-24,60.4,61.1,60.29,60.39,38.002,32959500,0.0
839,2006-03-17,59.07,60.4,59.0,60.34,37.9705,45306300,0.0
840,2006-03-10,57.57,59.04,57.51,59.04,37.1524,42145000,0.0
841,2006-03-03,57.96,58.55,57.42,57.47,36.1645,37348100,0.0
842,2006-02-24,59.13,59.32,57.42,57.76,36.347,35262800,0.33
843,2006-02-17,58.38,59.45,58.04,59.07,36.9601,41814200,0.0
844,2006-02-10,57.5,59.71,56.65,58.39,36.5347,55874400,0.0
845,2006-02-03,58.71,58.75,57.02,57.38,35.9027,66881300,0.0
846,2006-01-27,60.75,61.24,58.04,58.71,36.7349,80081100,0.0
847,2006-01-20,61.31,62.62,60.73,60.8,38.0426,35739600,0.0
848,2006-01-13,62.52,63.1,61.42,61.82,38.6808,36890500,0.0
849,2006-01-06,61.07,62.95,61.05,62.6,39.1689,35543000,0.0
850,2005-12-30,61.12,61.2,60.03,60.1,37.6046,22513900,0.0
851,2005-12-23,61.55,62.0,60.56,61.11,38.2366,32638100,0.0
852,2005-12-16,60.15,61.35,59.99,60.86,38.0802,51085100,0.0
853,2005-12-09,61.6,62.0,59.76,60.1,37.6046,69850900,0.0
854,2005-12-02,62.75,62.95,61.2,61.21,38.2991,42851800,0.0
855,2005-11-25,62.55,62.55,61.15,62.15,38.8873,34470800,0.0
856,2005-11-18,61.07,63.78,60.43,62.55,39.1376,83973900,0.33
857,2005-11-11,60.5,61.6,60.2,60.92,37.9176,36240500,0.0
858,2005-11-04,62.91,63.0,60.0,60.88,37.8928,67183400,0.0
859,2005-10-28,64.2,64.5,61.05,62.95,39.1812,47773300,0.0
860,2005-10-21,63.65,64.59,62.66,64.07,39.8783,65152600,0.0
861,2005-10-14,61.28,64.5999,60.53,63.7,39.648,56617000,0.0
862,2005-10-07,63.18,63.28,61.12,61.34,38.1791,44845800,0.0
863,2005-09-30,64.23,64.45,62.9,63.28,39.3866,29730900,0.0
864,2005-09-23,65.19,65.33,63.89,63.99,39.8285,34740500,0.0
865,2005-09-16,64.73,65.22,64.0,65.18,40.5691,37891300,0.0
866,2005-09-09,63.25,65.0,63.21,64.73,40.2891,26791300,0.0
867,2005-09-02,61.78,63.73,61.65,62.9,39.15,32244900,0.0
868,2005-08-26,64.0,64.06,61.94,61.94,38.5525,33660400,0.0
869,2005-08-19,63.42,64.44,62.84,63.57,39.5671,31860900,0.33
870,2005-08-12,63.54,64.66,63.23,63.56,39.3565,23492900,0.0
871,2005-08-05,64.25,65.35,63.54,63.54,39.3441,27062000,0.0
872,2005-07-29,64.25,64.84,62.67,63.96,39.6042,42706600,0.0
873,2005-07-22,64.85,65.07,63.98,64.32,39.8271,39568500,0.0
874,2005-07-15,64.28,65.15,64.11,65.03,40.2668,31445800,0.0
875,2005-07-08,64.4,65.25,63.52,64.28,39.8024,29469300,0.0
876,2005-07-01,65.52,66.1,64.43,64.95,40.2172,36842700,0.0
877,2005-06-24,66.352,66.8,65.0,65.58,40.6073,52988900,0.0
878,2005-06-17,66.25,66.95,65.41,66.56,41.2141,32773200,0.0
879,2005-06-10,66.59,66.94,65.73,66.48,41.1646,28336000,0.0
880,2005-06-03,67.68,67.69,66.36,66.44,41.1398,24652100,0.0
881,2005-05-27,67.3,68.0,67.04,67.43,41.7528,28398400,0.0
882,2005-05-20,67.11,68.08,67.07,67.2,41.6104,32058500,0.0
883,2005-05-13,68.1,68.29,66.755,67.1,41.5485,29406400,0.33
884,2005-05-06,68.68,68.87,67.65,68.21,42.0291,29527800,0.0
885,2005-04-29,69.0,69.5,67.62,68.63,42.2879,30762000,0.0
886,2005-04-22,69.3,69.95,67.83,68.49,42.2016,41109100,0.0
887,2005-04-15,68.8,69.99,67.85,69.4,42.7624,42423600,0.0
888,2005-04-08,66.95,69.48,66.85,68.64,42.2941,33287100,0.0
889,2005-04-01,68.23,68.5,66.65,66.85,41.1911,44693600,0.0
890,2005-03-24,67.25,68.52,66.65,68.09,41.9552,28693000,0.0
891,2005-03-18,67.59,67.85,66.66,67.25,41.4376,31058200,0.0
892,2005-03-11,67.9,68.68,67.49,67.6,41.6533,35150800,0.0
893,2005-03-04,66.07,67.75,65.6,67.74,41.7395,36390900,0.0
894,2005-02-25,65.05,66.29,65.05,66.22,40.8029,24501100,0.0
895,2005-02-18,66.61,66.61,65.21,65.43,40.3162,25550900,0.0
896,2005-02-11,66.25,66.89,65.87,66.6,41.0371,26389100,0.285
897,2005-02-04,64.93,66.24,64.35,66.24,40.6413,30450800,0.0
898,2005-01-28,61.85,64.98,61.2,64.62,39.6474,43221500,0.0
899,2005-01-21,62.23,63.28,61.85,61.85,37.9479,22520900,0.0
900,2005-01-14,62.73,63.41,61.88,62.7,38.4694,32228000,0.0
901,2005-01-07,63.35,63.55,62.57,62.61,38.4142,32052500,0.0
902,2004-12-31,63.78,63.98,63.33,63.42,38.9111,19506200,0.0
903,2004-12-23,63.58,63.9,62.3,63.6,39.0216,29993900,0.0
904,2004-12-17,60.48,64.25,59.6,63.58,39.0093,69780400,0.0
905,2004-12-10,61.66,62.81,60.25,60.25,36.9662,37018000,0.0
906,2004-12-03,60.49,62.3,59.9,61.91,37.9847,31217200,0.0
907,2004-11-26,60.55,61.07,60.28,60.45,37.0889,15802500,0.0
908,2004-11-19,61.0,61.49,60.39,60.54,37.1441,25425700,0.0
909,2004-11-12,59.3,61.0,59.25,61.0,37.4264,30056100,0.285
910,2004-11-05,58.35,59.98,57.81,59.18,36.1408,39131900,0.0
911,2004-10-29,57.1,58.48,56.7,58.38,35.6523,31173100,0.0
912,2004-10-22,56.2,57.99,56.2,57.29,34.9866,29992600,0.0
913,2004-10-15,55.19,57.2,54.81,56.58,34.553,38988700,0.0
914,2004-10-08,57.0,57.76,55.21,55.32,33.7836,33952300,0.0
915,2004-10-01,56.35,57.49,56.09,57.0,34.8095,27120000,0.0
916,2004-09-24,57.75,58.16,56.25,56.55,34.5347,25667000,0.0
917,2004-09-17,57.8,58.8,57.35,58.52,35.7378,24204300,0.0
918,2004-09-10,58.05,58.38,57.07,57.57,35.1576,23205500,0.0
919,2004-09-03,57.62,58.13,57.41,57.85,35.3286,25103300,0.0
920,2004-08-27,57.13,57.85,57.04,57.71,35.2431,20815500,0.0
921,2004-08-20,55.54,57.12,55.53,57.04,34.834,24303500,0.0
922,2004-08-13,54.66,56.75,54.37,55.54,33.9179,27165100,0.285
923,2004-08-06,55.0,56.0,54.4,54.6,33.1736,25697000,0.0
924,2004-07-30,55.59,55.86,54.8,55.27,33.5807,29469800,0.0
925,2004-07-23,57.68,57.68,55.38,55.74,33.8663,33586100,0.0
926,2004-07-16,54.85,58.14,54.51,56.8,34.5103,46791500,0.0
927,2004-07-09,55.17,55.54,54.43,54.99,33.4106,20890200,0.0
928,2004-07-02,54.75,56.14,54.68,55.35,33.6293,30074100,0.0
929,2004-06-25,54.97,56.05,54.5,54.5,33.1129,28327300,0.0
930,2004-06-18,56.79,57.19,55.02,55.25,33.5686,30259200,0.0
931,2004-06-10,56.53,57.28,56.17,57.07,34.6744,20719300,0.0
932,2004-06-04,55.23,56.93,55.15,56.38,34.2551,27115700,0.0
933,2004-05-28,54.99,55.92,54.12,55.71,33.8481,34622600,0.0
934,2004-05-21,54.18,55.1,54.13,54.94,33.3802,28506200,0.0
935,2004-05-14,54.77,56.39,54.07,54.52,33.125,37532400,0.285
936,2004-05-07,54.22,55.98,54.02,55.3,33.4242,40027400,0.0
937,2004-04-30,53.69,54.65,53.57,54.03,32.6566,34614700,0.0
938,2004-04-23,53.77,54.06,53.02,53.68,32.4451,35935000,0.0
939,2004-04-16,50.86,54.77,50.81,54.13,32.7171,56093100,0.0
940,2004-04-08,51.18,51.8,50.53,50.87,30.7467,26408200,0.0
941,2004-04-02,50.41,51.25,49.9,51.18,30.934,33327200,0.0
942,2004-03-26,50.05,50.5,49.25,50.13,30.2994,38297900,0.0
943,2004-03-19,50.71,51.64,50.01,50.05,30.251,38415700,0.0
944,2004-03-12,53.43,53.76,50.5,50.71,30.65,41238700,0.0
945,2004-03-05,54.49,54.49,52.7,53.13,32.1126,35437300,0.0
946,2004-02-27,53.49,54.4,52.79,53.91,32.5841,36897300,0.0
947,2004-02-20,54.48,54.631,53.25,53.3,32.2154,25042300,0.0
948,2004-02-13,54.23,54.9,53.62,54.23,32.7775,29819500,0.24
949,2004-02-06,53.41,54.85,53.05,54.15,32.5859,35235100,0.0
950,2004-01-30,53.0,54.04,52.88,53.42,32.1466,39565700,0.0
951,2004-01-23,50.8,53.55,50.8,53.0,31.8939,43368800,0.0
952,2004-01-16,51.49,52.75,50.43,50.45,30.3594,46749300,0.0
953,2004-01-09,52.0,52.09,51.39,51.4,30.931,35903200,0.0
954,2004-01-02,50.85,52.09,50.74,51.66,31.0875,24515500,0.0
955,2003-12-26,50.08,50.77,49.89,50.62,30.4617,20086700,0.0
956,2003-12-19,50.1,50.2,49.12,50.1,30.1487,52466200,0.0
957,2003-12-12,49.36,50.3,48.79,49.39,29.7215,48319800,0.0
958,2003-12-05,50.3,50.3,48.93,49.16,29.5831,46970900,0.0
959,2003-11-28,50.13,51.5,49.2,49.3,29.6673,41160500,0.0
960,2003-11-21,51.5,52.89,50.6,50.88,30.6181,37711600,0.0
961,2003-11-14,48.8,52.45,48.26,52.12,31.3643,50594700,0.24
962,2003-11-07,50.08,50.2,48.75,48.81,29.2378,35252600,0.0
963,2003-10-31,50.35,50.67,48.05,50.33,30.1483,60972600,0.0
964,2003-10-24,50.6,51.02,49.65,50.35,30.1603,33736000,0.0
965,2003-10-17,49.7,51.15,49.49,50.41,30.1962,46257800,0.0
966,2003-10-10,50.12,50.44,49.07,49.24,29.4954,36902300,0.0
967,2003-10-03,49.18,50.95,49.13,50.11,30.0165,39783700,0.0
968,2003-09-26,50.1,50.5,49.09,49.18,29.4595,38043200,0.0
969,2003-09-19,51.04,52.4,50.1,50.31,30.1363,59579900,0.0
970,2003-09-12,50.98,52.5,50.9,51.63,30.927,47477400,0.0
971,2003-09-05,49.78,51.28,49.41,50.5,30.2501,35767400,0.0
972,2003-08-29,49.71,49.92,49.0,49.58,29.6991,34960900,0.0
973,2003-08-22,50.87,51.09,49.0,49.54,29.6751,42773400,0.0
974,2003-08-15,51.5,51.93,50.28,51.05,30.5796,28471000,0.24
975,2003-08-08,50.43,52.25,49.71,51.75,30.8539,38496900,0.0
976,2003-08-01,51.76,52.65,50.15,50.43,30.0669,43238900,0.0
977,2003-07-25,52.68,52.74,51.06,52.23,31.14,31186500,0.0
978,2003-07-18,53.3,54.24,51.85,52.74,31.4441,48771500,0.0
979,2003-07-11,53.23,53.68,51.21,51.88,30.9314,44453000,0.0
980,2003-07-03,52.08,53.25,51.49,52.99,31.5932,33585700,0.0
981,2003-06-27,54.1,54.35,50.75,51.54,30.7287,51064700,0.0
982,2003-06-20,53.0,55.57,52.87,54.45,32.4636,46275700,0.0
983,2003-06-13,52.5,54.17,51.9,52.56,31.3368,45765800,0.0
984,2003-06-06,54.35,54.65,51.63,52.75,31.4501,63537400,0.0
985,2003-05-30,52.7,54.4,52.55,54.35,32.404,34573300,0.0
986,2003-05-23,55.7,55.86,52.6,53.09,31.6528,49317000,0.0
987,2003-05-16,56.09,56.25,55.01,56.04,33.4116,34930000,0.24
988,2003-05-09,56.26,57.52,55.6,56.34,33.4472,30448300,0.0
989,2003-05-02,56.3,57.33,55.51,56.64,33.6253,29583800,0.0
990,2003-04-25,55.52,57.87,54.72,56.21,33.37,39911000,0.0
991,2003-04-17,57.39,57.99,53.95,55.01,32.6576,40591700,0.0
992,2003-04-11,57.84,59.08,56.71,57.38,34.0646,31268400,0.0
993,2003-04-04,56.75,58.68,56.75,57.84,34.3377,40013000,0.0
994,2003-03-28,57.1,57.98,55.7,57.38,34.0646,32744000,0.0
995,2003-03-21,54.45,58.68,54.4,58.67,34.8305,36820500,0.0
996,2003-03-14,54.55,55.88,53.95,55.19,32.7645,40619800,0.0
997,2003-03-07,53.16,55.39,51.5,55.3,32.8298,40372000,0.0
998,2003-02-28,53.49,53.49,51.35,52.45,31.1379,29634900,0.0
999,2003-02-21,53.0,53.95,51.6,53.48,31.7493,24517300,0.0
1000,2003-02-14,51.41,53.62,49.1,51.75,30.7223,53417800,0.205
1001,2003-02-07,53.5,53.85,51.33,51.84,30.6533,31438100,0.0
1002,2003-01-31,53.05,53.8,51.54,53.61,31.6999,44931200,0.0
1003,2003-01-24,55.3,56.0,53.17,53.61,31.6999,34105900,0.0
1004,2003-01-17,57.2,57.2,54.16,54.79,32.3976,33714900,0.0
1005,2003-01-10,56.56,57.55,55.45,57.2,33.8226,29137400,0.0
1006,2003-01-03,53.2,56.94,53.1,56.81,33.592,27015300,0.0
1007,2002-12-27,54.89,55.39,53.0,53.11,31.4042,17323900,0.0
1008,2002-12-20,54.77,55.61,53.17,54.52,32.2379,38381600,0.0
1009,2002-12-13,55.08,56.38,54.44,54.91,32.4686,32175500,0.0
1010,2002-12-06,56.59,57.07,54.25,55.27,32.6814,43589700,0.0
1011,2002-11-29,58.16,59.09,56.3,57.02,33.7162,25789800,0.0
1012,2002-11-22,59.9,60.3,58.36,58.55,34.6209,35910100,0.0
1013,2002-11-15,60.27,60.99,59.0,60.15,35.567,32892400,0.205
1014,2002-11-08,59.5,61.25,58.37,60.27,35.5169,33579600,0.0
1015,2002-11-01,57.98,59.0,55.86,58.59,34.5269,36062900,0.0
1016,2002-10-25,59.5,61.3,56.7,57.76,34.0378,48573100,0.0
1017,2002-10-18,56.71,60.2,56.71,59.35,34.9748,48923000,0.0
1018,2002-10-11,56.95,58.95,54.6,56.7,33.4131,52392300,0.0
1019,2002-10-04,54.25,59.11,53.7,56.95,33.5604,53548300,0.0
1020,2002-09-27,51.5,56.15,51.45,55.1,32.4702,42427200,0.0
1021,2002-09-20,54.14,55.29,51.8,52.3,30.8202,38245400,0.0
1022,2002-09-13,54.25,56.25,53.35,54.14,31.9045,27840100,0.0
1023,2002-09-06,53.88,55.19,52.52,54.92,32.3642,28721800,0.0
1024,2002-08-30,54.99,56.5,53.42,54.31,32.0047,26393300,0.0
1025,2002-08-23,55.01,56.39,53.55,54.82,32.3052,31710300,0.0
1026,2002-08-16,53.9,56.49,52.52,55.32,32.5999,36610500,0.205
1027,2002-08-09,52.5,54.98,49.75,54.51,32.004,42230800,0.0
1028,2002-08-02,50.0,53.49,48.9,52.25,30.6771,68698100,0.0
1029,2002-07-26,41.6,49.95,41.4,49.61,29.1271,93134700,0.0
1030,2002-07-19,49.5,52.3,41.02,41.85,24.571,105124800,0.0
1031,2002-07-12,54.6,54.75,49.1,50.5,29.6496,60311400,0.0
1032,2002-07-05,51.7,54.85,50.26,54.59,32.0509,38534300,0.0
1033,2002-06-28,53.1,55.3,52.0,52.26,30.6829,54542500,0.0
1034,2002-06-21,56.81,57.64,52.5,53.0,31.1174,55015800,0.0
1035,2002-06-14,58.56,59.47,56.2,56.82,33.3602,37830400,0.0
1036,2002-06-07,61.1,61.74,57.73,58.31,34.235,38210500,0.0
1037,2002-05-31,61.35,62.19,60.62,61.35,36.0199,23250600,0.0
1038,2002-05-24,61.47,62.59,60.2,61.4,36.0492,36523900,0.0
1039,2002-05-17,61.77,62.6,59.7,61.47,36.0903,41044000,0.205
1040,2002-05-10,63.65,63.93,59.16,61.85,36.1927,43215600,0.0
1041,2002-05-03,63.3,64.63,62.83,63.43,37.1173,33194200,0.0
1042,2002-04-26,64.21,64.83,62.71,63.61,37.2226,32979900,0.0
1043,2002-04-19,63.1,64.75,61.78,64.49,37.7376,41351100,0.0
1044,2002-04-12,62.8,63.8,61.9,62.67,36.6726,34988800,0.0
1045,2002-04-05,65.29,65.29,62.8,63.05,36.8949,36081000,0.0
1046,2002-03-28,64.85,65.89,64.35,64.95,38.0067,24505800,0.0
1047,2002-03-22,64.7,65.7,63.69,64.85,37.9482,33984800,0.0
1048,2002-03-15,63.66,65.47,62.97,64.6,37.8019,42091100,0.0
1049,2002-03-08,62.5,64.49,61.11,63.66,37.2519,44992500,0.0
1050,2002-03-01,59.96,62.4,59.25,62.1,36.339,38608400,0.0
1051,2002-02-22,57.49,59.51,56.75,59.4,34.7591,25407400,0.0
1052,2002-02-15,56.88,58.89,56.6,57.24,33.4951,29927300,0.18
1053,2002-02-08,57.55,57.71,54.7,56.88,33.1802,41072900,0.0
1054,2002-02-01,57.98,58.74,56.81,57.6,33.6002,31760700,0.0
1055,2002-01-25,59.71,59.85,57.6,57.65,33.6294,29274500,0.0
1056,2002-01-18,58.68,60.1,58.46,59.7,34.8252,32534200,0.0
1057,2002-01-11,57.9,58.5,56.6,58.23,33.9677,25971000,0.0
1058,2002-01-04,59.7,59.82,57.58,58.14,33.9152,23189800,0.0
1059,2001-12-28,59.71,60.18,59.05,59.86,34.9185,15014800,0.0
1060,2001-12-21,56.55,59.78,56.4,59.71,34.831,44575100,0.0
1061,2001-12-14,56.5,56.93,55.52,56.3,32.8419,47589400,0.0
1062,2001-12-07,58.74,58.74,55.42,56.65,33.046,57072500,0.0
1063,2001-11-30,60.71,60.8,57.51,58.25,33.9794,46791800,0.0
1064,2001-11-23,59.81,60.97,59.25,60.97,35.5661,21964100,0.0
1065,2001-11-16,59.1,60.69,58.84,59.92,34.9535,29214000,0.18
1066,2001-11-09,59.12,59.85,57.95,59.56,34.6395,35445600,0.0
1067,2001-11-02,58.15,59.47,57.53,58.98,34.3022,32953000,0.0
1068,2001-10-26,58.42,59.66,57.8,58.67,34.1219,36636600,0.0
1069,2001-10-19,55.15,58.6,54.86,58.42,33.9765,47300900,0.0
1070,2001-10-12,56.08,56.23,53.9,55.35,32.191,32090600,0.0
1071,2001-10-05,55.4,55.7,53.05,55.49,32.2724,44112300,0.0
1072,2001-09-28,53.65,55.4,51.75,55.4,32.2201,51959700,0.0
1073,2001-09-21,57.0,57.0,50.2,52.24,30.3823,63890000,0.0
1074,2001-09-10,55.7,56.25,55.06,55.62,32.348,6714100,0.0
1075,2001-09-07,55.75,57.16,54.9,55.73,32.412,53868400,0.0
1076,2001-08-31,54.5,54.74,52.3,52.71,30.6556,25901000,0.0
1077,2001-08-24,54.0,55.1,53.93,54.6,31.7548,34797600,0.0
1078,2001-08-17,55.02,57.6,53.05,53.75,31.2605,55738200,0.18
1079,2001-08-10,53.7,55.05,52.55,55.02,31.8923,29431500,0.0
1080,2001-08-03,53.02,54.39,52.15,53.58,31.0576,31246700,0.0
1081,2001-07-27,54.24,54.35,52.1,53.01,30.7272,32188700,0.0
1082,2001-07-20,53.05,54.98,52.0,54.49,31.5851,47685500,0.0
1083,2001-07-13,51.0,53.74,50.18,53.05,30.7504,47343500,0.0
1084,2001-07-06,50.1,51.94,50.0,50.41,29.2201,22970300,0.0
1085,2001-06-29,51.75,52.59,49.13,49.96,28.9592,53887000,0.0
1086,2001-06-22,51.5,54.2,51.49,52.39,30.3678,43352500,0.0
1087,2001-06-15,101.2,102.0,50.5,52.04,30.1649,26679750,0.0
1088,2001-06-08,98.0,103.5,97.9,102.0,29.5621,22444000,0.0
1089,2001-06-01,97.25,98.19,96.4,98.0,28.4028,17290200,0.0
1090,2001-05-25,100.5,101.0,96.79,97.25,28.1854,19945600,0.0
1091,2001-05-18,97.45,102.0,96.36,101.0,29.2723,23079100,0.36
1092,2001-05-11,98.2,98.48,96.98,97.26,28.0882,20087600,0.0
1093,2001-05-04,95.9,98.0,95.8,97.76,28.2326,20247000,0.0
1094,2001-04-27,92.35,95.7,90.87,95.38,27.5453,20210800,0.0
1095,2001-04-20,91.5,94.65,90.91,92.11,26.6009,22537000,0.0
1096,2001-04-12,90.85,92.5,90.13,90.95,26.2659,26302000,0.0
1097,2001-04-06,87.5,91.5,85.19,90.39,26.1042,31419100,0.0
1098,2001-03-30,86.25,89.23,80.5,87.47,25.2609,76554200,0.0
1099,2001-03-23,91.2,92.45,83.68,88.21,25.4746,24534300,0.0
1100,2001-03-16,96.7,97.0,91.5,91.99,26.5662,21205900,0.0
1101,2001-03-09,98.25,98.75,94.2,96.7,27.9265,16734000,0.0
1102,2001-03-02,95.51,99.85,94.3,99.15,28.634,16850700,0.0
1103,2001-02-23,94.6,97.85,94.6,95.49,27.577,11046900,0.0
1104,2001-02-16,96.5,98.25,93.24,94.53,27.2998,19457900,0.32
1105,2001-02-09,95.35,95.99,93.2,94.98,27.3369,13381100,0.0
1106,2001-02-02,92.5,95.61,90.71,95.1,27.3714,15778800,0.0
1107,2001-01-26,95.25,95.94,90.38,91.94,26.4619,20734800,0.0
1108,2001-01-19,94.19,94.94,91.25,94.13,27.0922,15576700,0.0
1109,2001-01-12,97.19,99.5,92.19,94.56,27.216,17302100,0.0
1110,2001-01-05,104.0,104.7,95.13,97.88,28.1716,21199800,0.0
1111,2000-12-29,101.5,105.9,101.38,105.1,30.2496,10530800,0.0
1112,2000-12-22,98.56,102.0,97.31,101.5,29.2134,18930200,0.0
1113,2000-12-15,96.0,100.0,95.25,98.56,28.3673,19243500,0.0
1114,2000-12-08,95.88,100.0,95.56,96.38,27.7398,16033000,0.0
1115,2000-12-01,95.38,103.0,94.31,97.75,28.1341,24782200,0.0
1116,2000-11-24,95.13,97.88,94.0,95.06,27.3599,10617200,0.0
1117,2000-11-17,94.19,95.31,91.88,95.13,27.3801,12387000,0.12
1118,2000-11-10,92.06,95.44,90.75,94.44,27.1472,14308600,0.0
1119,2000-11-03,93.63,94.56,89.19,91.69,26.3567,18015100,0.0
1120,2000-10-27,92.0,94.94,90.63,92.75,26.6614,14938200,0.0
1121,2000-10-20,95.81,97.44,90.88,91.88,26.4113,19442800,0.0
1122,2000-10-13,92.31,97.5,91.25,95.81,27.541,17642000,0.0
1123,2000-10-06,94.19,94.25,90.31,92.31,26.5349,13299900,0.0
1124,2000-09-29,95.81,96.44,92.75,93.94,27.0035,12200500,0.0
1125,2000-09-22,92.75,96.56,90.31,95.88,27.5611,14201800,0.0
1126,2000-09-15,94.69,97.81,94.69,95.0,27.3082,11665300,0.0
1127,2000-09-08,92.63,94.5,91.31,94.46,27.153,8679700,0.0
1128,2000-09-01,94.5,96.56,91.25,92.63,26.6269,10501300,0.0
1129,2000-08-25,97.0,97.94,94.81,95.44,27.4347,8660700,0.0
1130,2000-08-18,98.0,98.38,95.31,96.42,27.7164,9782700,0.32
1131,2000-08-11,97.5,98.88,93.63,97.84,28.0315,12859200,0.0
1132,2000-08-04,93.69,97.38,92.38,96.56,27.6648,13059400,0.0
1133,2000-07-28,92.31,95.38,90.25,93.66,26.8339,15158100,0.0
1134,2000-07-21,93.0,95.75,91.0,92.25,26.43,18004800,0.0
1135,2000-07-14,100.8,100.9,91.06,91.81,26.3039,18513900,0.0
1136,2000-07-07,101.3,101.4,99.19,99.75,28.5788,12181300,0.0
1137,2000-06-30,92.38,102.0,92.06,101.9,29.1947,32022700,0.0
1138,2000-06-23,89.75,90.44,88.06,89.75,25.7137,10428500,0.0
1139,2000-06-16,86.75,91.0,84.69,89.56,25.6593,14999000,0.0
1140,2000-06-09,83.5,87.5,82.56,86.13,24.6766,10201000,0.0
1141,2000-06-02,88.19,89.5,82.5,84.0,24.0663,11594400,0.0
1142,2000-05-26,89.63,90.0,85.19,88.13,25.2496,13791700,0.0
1143,2000-05-19,85.25,89.63,85.13,88.75,25.4272,13156300,0.32
1144,2000-05-12,84.94,88.44,84.13,85.5,24.4081,17180600,0.0
1145,2000-05-05,82.25,84.94,81.88,84.0,23.9799,11672700,0.0
1146,2000-04-28,81.5,84.44,81.5,82.5,23.5516,14113600,0.0
1147,2000-04-20,75.63,82.94,75.5,81.63,23.3033,20203100,0.0
1148,2000-04-14,74.81,79.38,72.56,73.31,20.9281,20183100,0.0
1149,2000-04-07,70.63,77.5,70.0,74.06,21.1422,30893900,0.0
1150,2000-03-31,71.0,72.13,68.63,70.25,20.0546,37015400,0.0
1151,2000-03-24,79.69,82.25,70.19,72.25,20.6255,36959700,0.0
1152,2000-03-17,69.63,80.5,69.31,79.56,22.7123,27244100,0.0
1153,2000-03-10,72.94,73.75,66.13,70.88,20.2344,27691100,0.0
1154,2000-03-03,72.0,74.94,70.06,73.5,20.9824,22852900,0.0
1155,2000-02-25,78.0,79.06,70.31,72.0,20.5542,23667400,0.0
1156,2000-02-18,76.94,81.13,76.69,77.44,22.1071,20252100,0.0
1157,2000-02-11,81.56,83.0,75.94,77.44,22.1071,22974000,0.28
1158,2000-02-04,85.19,86.75,81.81,82.13,23.3615,19034600,0.0
1159,2000-01-28,90.13,90.19,80.5,84.5,24.0357,29249500,0.0
1160,2000-01-21,92.0,93.06,89.63,89.88,25.566,11869400,0.0
1161,2000-01-14,96.69,96.94,92.81,93.69,26.6497,13154400,0.0
1162,2000-01-07,93.13,96.94,88.44,96.5,27.449,17957200,0.0
1163,1999-12-31,95.44,97.75,92.25,93.25,26.5246,7255400,0.0
1164,1999-12-23,93.94,95.88,90.13,95.56,27.1817,11886100,0.0
1165,1999-12-17,94.63,95.75,92.0,94.88,26.9882,19157100,0.0
1166,1999-12-10,96.0,97.94,90.25,94.38,26.846,21064900,0.0
1167,1999-12-03,103.0,105.3,96.13,97.25,27.6624,15689000,0.0
1168,1999-11-26,105.1,105.8,103.2,103.2,29.3548,6222500,0.0
1169,1999-11-19,103.8,106.9,102.6,105.2,29.9237,10273400,0.0
1170,1999-11-12,105.6,105.9,102.3,103.8,29.5255,9922400,0.28
