,timestamp,open,high,low,close,adjusted close,volume,dividend amount
0,2022-04-13,82.92,85.02,82.03,83.24,83.24,4765267,0.0
1,2022-04-08,84.54,85.18,81.8,83.05,83.05,10421873,0.0
2,2022-04-01,88.66,91.245,84.45,85.22,85.22,7917932,0.0
3,2022-03-25,88.76,90.1418,87.47,88.97,88.97,6416248,0.0
4,2022-03-18,86.56,91.38,86.26,88.67,88.67,10571510,0.0
5,2022-03-11,87.79,88.29,82.97,85.56,85.56,10943159,0.0
6,2022-03-04,90.46,92.7,87.035,87.95,87.95,10198841,0.0
7,2022-02-25,93.93,94.825,89.43,91.71,91.71,7335853,0.0
8,2022-02-18,93.0,95.39,91.97,93.81,93.81,7388458,0.0
9,2022-02-11,94.53,95.19,92.31,92.81,92.81,7224626,0.34
10,2022-02-04,92.97,96.585,91.56,94.53,94.1904,9238771,0.0
11,2022-01-28,90.54,97.56,87.635,93.66,93.3235,14860615,0.0
12,2022-01-21,95.76,96.63,91.37,91.56,91.2311,6449756,0.0
13,2022-01-14,93.02,96.59,90.74,96.5,96.1533,8565876,0.0
14,2022-01-07,88.26,94.8,87.94,93.42,93.0844,9872627,0.0
15,2021-12-31,85.34,88.65,84.64,88.26,87.9429,3908825,0.0
16,2021-12-23,82.26,85.7,81.05,84.95,84.6448,7375133,0.0
17,2021-12-17,89.04,90.12,82.555,83.5,83.2,13617919,1.5
18,2021-12-10,86.3,90.13,86.08,89.14,87.2956,8240798,0.0
19,2021-12-03,86.98,87.015,82.35,85.67,83.8974,10342561,0.0
20,2021-11-26,86.32,90.14,85.9,86.54,84.7494,7225874,0.0
21,2021-11-19,89.65,90.365,85.44,86.37,84.5829,6739192,0.34
22,2021-11-12,91.24,91.5499,87.52,89.84,87.6472,7820532,0.0
23,2021-11-05,89.72,91.96,89.2,90.0,87.8033,7755986,0.0
24,2021-10-29,87.38,90.39,83.83,89.62,87.4326,11899055,0.0
25,2021-10-22,85.85,87.715,85.45,87.0,84.8765,7262214,0.0
26,2021-10-15,84.79,87.46,82.705,86.89,84.7692,8879311,0.0
27,2021-10-08,79.52,85.18,77.96,84.76,82.6912,10960788,0.0
28,2021-10-01,80.73,82.18,78.48,79.45,77.5108,7839909,0.0
29,2021-09-24,80.49,81.53,78.72,80.53,78.5644,15289521,0.0
30,2021-09-17,84.65,85.33,80.95,81.55,79.5595,18439720,0.0
31,2021-09-10,83.82,84.53,81.2,83.61,81.5693,10646057,0.0
32,2021-09-03,82.44,85.22,81.48,84.43,82.3692,9259098,0.0
33,2021-08-27,80.47,82.42,79.88,82.25,80.2424,8720182,0.0
34,2021-08-20,80.91,81.56,79.05,80.27,78.3108,11252922,0.34
35,2021-08-13,79.92,83.2,79.235,81.14,78.8251,12862871,0.0
36,2021-08-06,83.94,84.34,79.97,80.04,77.7565,16636384,0.0
37,2021-07-30,87.47,88.1,82.72,82.99,80.6223,16134109,0.0
38,2021-07-23,86.675,89.33,86.23,87.58,85.0814,8387615,0.0
39,2021-07-16,87.16,89.73,86.31,87.61,85.1105,7613794,0.0
40,2021-07-09,88.0,88.115,85.01,87.5,85.0037,6394463,0.0
41,2021-07-02,89.25,90.09,87.635,88.3,85.7808,6890423,0.0
42,2021-06-25,87.59,89.57,86.53,88.98,86.4414,12067123,0.0
43,2021-06-18,92.16,92.36,86.96,87.04,84.5568,9272213,0.0
44,2021-06-11,95.25,95.29,91.5,92.37,89.7347,5919688,0.0
45,2021-06-04,92.33,95.36,91.58,94.93,92.2217,5705967,0.0
46,2021-05-28,92.73,92.73,90.13,91.56,88.9478,5802357,0.0
47,2021-05-21,94.65,95.0,88.68,92.03,89.4044,8292824,0.0
48,2021-05-14,94.99,96.71,91.14,94.66,91.9594,9439889,0.34
49,2021-05-07,90.8,94.66,89.06,94.5,91.4757,10923685,0.0
50,2021-04-30,93.46,93.83,89.73,89.88,87.0036,13325095,0.0
51,2021-04-23,94.57,94.75,91.01,93.35,90.3625,9551242,0.0
52,2021-04-16,93.08,95.82,93.08,94.92,91.8823,7585651,0.0
53,2021-04-09,92.95,94.21,91.64,93.36,90.3722,6762995,0.0
54,2021-04-01,93.7,94.35,91.35,92.03,89.0848,6881627,0.0
55,2021-03-26,94.54,95.72,89.61,93.68,90.682,8500563,0.0
56,2021-03-19,96.91,99.48,93.64,95.06,92.0178,8945510,0.0
57,2021-03-12,93.25,98.26,92.41,96.95,93.8473,9563426,0.0
58,2021-03-05,91.84,96.47,90.15,94.15,91.1369,10316631,0.0
59,2021-02-26,95.0,95.57,90.84,90.99,88.0781,9788428,0.0
60,2021-02-19,98.68,98.8764,93.42,95.19,92.1437,5735502,0.0
61,2021-02-12,97.39,101.4004,95.83,98.0,94.8637,7802961,0.32
62,2021-02-05,91.8,98.37,90.05,96.58,93.181,11226413,0.0
63,2021-01-29,101.0,101.79,89.6901,91.22,88.0097,15009359,0.0
64,2021-01-22,88.165,103.19,87.99,98.85,95.3712,15500869,0.0
65,2021-01-15,87.52,89.9,86.38,88.16,85.0574,5080609,0.0
66,2021-01-08,86.61,89.93,84.23,87.8,84.71,7857072,0.0
67,2020-12-31,86.74,86.98,84.3,86.28,83.2435,2878020,0.0
68,2020-12-24,84.7,86.2,84.065,86.11,83.0795,3432077,0.0
69,2020-12-18,85.6666,87.58,84.38,86.01,82.983,9674646,0.7
70,2020-12-11,86.41,87.59,84.68,85.46,81.7849,6342434,0.0
71,2020-12-04,87.24,88.88,85.7,86.7,82.9716,8770384,0.0
72,2020-11-27,90.73,90.82,87.57,87.74,83.9669,4692532,0.0
73,2020-11-20,90.6,91.26,87.76,88.78,84.9621,6171994,0.0
74,2020-11-13,95.0,95.82,88.42,89.91,86.0436,8567965,0.32
75,2020-11-06,86.65,93.3,86.38,90.09,85.9124,7010766,0.0
76,2020-10-30,91.26,91.415,84.22,85.38,81.4208,7711029,0.0
77,2020-10-23,89.97,92.96,89.0,92.64,88.3441,12350743,0.0
78,2020-10-16,90.22,91.33,87.6,89.94,85.7693,7442460,0.0
79,2020-10-09,85.93,90.96,85.68,89.22,85.0827,6126483,0.0
80,2020-10-02,84.67,87.7,82.85,84.99,81.0489,6879454,0.0
81,2020-09-25,83.41,84.1,80.36,83.53,79.6566,6760776,0.0
82,2020-09-18,84.64,87.29,83.98,84.24,80.3336,8482130,0.0
83,2020-09-11,84.82,85.63,82.36,83.89,79.9999,8140771,0.0
84,2020-09-04,85.97,89.03,84.79,85.62,81.6497,7801777,0.0
85,2020-08-28,87.25,87.91,85.4201,86.49,82.4793,6378892,0.0
86,2020-08-21,89.25,89.53,86.46,87.02,82.9847,6466593,0.0
87,2020-08-14,88.58,91.3,87.36,88.95,84.8252,8277033,0.32
88,2020-08-07,84.97,88.63,84.5,88.6,84.1916,6988888,0.0
89,2020-07-31,85.74,86.8912,83.7,85.08,80.8468,7987753,0.0
90,2020-07-24,79.0,87.24,78.51,85.74,81.4739,14005698,0.0
91,2020-07-17,75.41,79.98,74.53,79.43,75.4779,11279352,0.0
92,2020-07-10,76.99,77.41,74.17,75.24,71.4964,7284438,0.0
93,2020-07-02,73.5,77.1,72.005,75.68,71.9145,6231544,0.0
94,2020-06-26,74.3,75.81,71.61,72.44,68.8357,6916898,0.0
95,2020-06-19,71.37,76.49,70.89,74.96,71.2303,7637176,0.0
96,2020-06-12,77.78,79.48,71.35,73.17,69.5294,8979655,0.0
97,2020-06-05,74.05,78.6,72.76,77.95,74.0715,8262095,0.0
98,2020-05-29,69.93,75.52,69.52,73.86,70.185,8533508,0.0
99,2020-05-22,69.26,70.24,67.51,68.42,65.0157,8626922,0.0
100,2020-05-15,69.2,69.34,64.25,66.83,63.5048,13511070,0.32
101,2020-05-08,68.0,69.79,67.04,69.62,65.8498,8000686,0.0
102,2020-05-01,67.7,70.97,67.15,68.29,64.5919,11043343,0.0
103,2020-04-24,66.95,68.99,64.86,67.48,63.8257,10694555,0.0
104,2020-04-17,66.82,68.97,64.38,67.65,63.9865,13249625,0.0
105,2020-04-09,64.46,68.15,62.7,67.27,63.6271,9029095,0.0
106,2020-04-03,58.66,62.5,58.21,61.61,58.2736,12458200,0.0
107,2020-03-27,52.78,60.98,49.11,59.49,56.2684,14326720,0.0
108,2020-03-20,58.01,63.96,52.04,52.3,49.4678,16904650,0.0
109,2020-03-13,60.48,65.17,57.27,65.13,61.603,16882692,0.0
110,2020-03-06,67.32,71.08,62.16,64.56,61.0639,11904810,0.0
111,2020-02-28,73.09,73.72,65.15,66.9,63.2771,14120302,0.0
112,2020-02-21,74.57,75.65,73.63,75.36,71.279,6210625,0.0
113,2020-02-14,74.79,76.94,74.09,74.74,70.6926,10339434,0.32
114,2020-02-07,74.88,78.5,74.13,75.41,71.0245,10798613,0.0
115,2020-01-31,75.32,78.08,73.86,74.21,69.8943,13343072,0.0
116,2020-01-24,78.48,78.48,75.69,76.79,72.3242,5261012,0.0
117,2020-01-17,77.92,79.24,77.25,78.52,73.9536,7038291,0.0
118,2020-01-10,78.27,79.21,77.25,77.81,73.2849,8412126,0.0
119,2020-01-03,79.32,79.66,77.67,78.73,74.1514,5015093,0.0
120,2019-12-27,79.96,80.45,78.89,79.41,74.7919,2687626,0.0
121,2019-12-20,82.75,83.41,79.19,80.17,75.5077,12842470,2.3
122,2019-12-13,81.08,83.27,80.53,82.01,75.0739,6591790,0.0
123,2019-12-06,81.75,81.99,78.88,81.12,74.2592,6996224,0.0
124,2019-11-29,80.69,82.25,80.18,81.37,74.488,4844482,0.0
125,2019-11-22,79.54,80.5,78.38,80.44,73.6367,5902319,0.0
126,2019-11-15,79.58,80.48,78.24,80.22,73.4353,5858240,0.0
127,2019-11-08,78.39,80.57,78.11,80.07,73.298,8065827,0.32
128,2019-11-01,76.99,78.07,74.77,78.05,71.1644,9611680,0.0
129,2019-10-25,72.54,77.18,72.49,76.9,70.1159,14503202,0.0
130,2019-10-18,68.66,72.42,68.28,72.04,65.6846,8842518,0.0
131,2019-10-11,67.51,69.87,66.18,69.1,63.004,7961740,0.0
132,2019-10-04,69.44,70.88,65.17,67.84,61.8551,8070222,0.0
133,2019-09-27,69.75,70.97,67.34,69.01,62.9219,10257679,0.0
134,2019-09-20,71.03,71.94,69.89,70.32,64.1164,7157995,0.0
135,2019-09-13,68.7,72.43,68.43,71.53,65.2196,9306454,0.0
136,2019-09-06,65.08,69.13,63.54,68.34,62.311,8223133,0.0
137,2019-08-30,63.32,66.33,62.41,65.56,59.7763,8932339,0.0
138,2019-08-23,65.69,65.97,62.13,62.53,57.0136,7056871,0.0
139,2019-08-16,64.69,67.45,63.09,64.48,58.7916,7965678,0.32
140,2019-08-09,66.16,66.55,63.95,65.21,59.1717,8915596,0.0
141,2019-08-02,71.71,72.31,66.33,67.22,60.9956,8490273,0.0
142,2019-07-26,69.53,72.43,67.0,71.67,65.0336,11482817,0.0
143,2019-07-19,72.16,72.68,68.26,69.33,62.9102,10900731,0.0
144,2019-07-12,70.36,72.18,69.89,72.13,65.451,6025971,0.0
145,2019-07-05,72.63,72.86,69.37,70.61,64.0717,5162576,0.0
146,2019-06-28,71.23,72.01,70.26,71.66,65.0245,6897008,0.0
147,2019-06-21,69.93,72.47,69.11,71.34,64.7341,6308173,0.0
148,2019-06-14,70.48,71.1,69.22,70.02,63.5364,5136985,0.0
149,2019-06-07,65.98,70.79,65.84,70.22,63.7178,7564904,0.0
150,2019-05-31,67.71,68.38,65.78,65.82,59.7253,5987167,0.0
151,2019-05-24,68.77,70.24,66.63,67.56,61.3041,7778435,0.0
152,2019-05-17,67.88,70.39,67.02,69.24,62.8286,7788594,0.32
153,2019-05-10,70.0,70.49,67.49,69.51,62.7766,9581074,0.0
154,2019-05-03,71.0,73.0,69.84,71.38,64.4654,11683554,0.0
155,2019-04-26,71.08,71.71,69.96,70.96,64.0861,7011044,0.0
156,2019-04-18,70.59,72.21,69.91,71.44,64.5196,6340888,0.0
157,2019-04-12,68.84,70.73,67.95,70.5,63.6707,6245254,0.0
158,2019-04-05,68.81,69.43,68.01,69.02,62.334,14815815,0.0
159,2019-03-29,67.44,68.95,67.1,68.14,61.5393,6902345,0.0
160,2019-03-22,67.58,68.99,66.85,67.03,60.5368,7761792,0.0
161,2019-03-15,67.39,69.01,67.15,67.65,61.0968,12447906,0.0
162,2019-03-08,68.12,68.43,65.92,67.31,60.7897,11051969,0.0
163,2019-03-01,70.32,70.35,67.22,67.77,61.2051,9919304,0.0
164,2019-02-22,67.98,70.23,67.7,69.89,63.1198,6288163,0.0
165,2019-02-15,65.85,68.24,65.33,68.1,61.5032,7453877,0.32
166,2019-02-08,64.89,66.08,64.18,65.95,59.2712,10204983,0.0
167,2019-02-01,61.77,65.88,60.96,64.96,58.3815,15660694,0.0
168,2019-01-25,62.39,63.27,61.04,62.69,56.3414,8962564,0.0
169,2019-01-18,59.11,63.17,58.66,62.98,56.602,9830241,0.0
170,2019-01-11,58.76,60.19,57.57,59.44,53.4205,14226119,0.0
171,2019-01-04,57.39,59.06,55.84,59.03,53.052,8046607,0.0
172,2018-12-28,54.51,58.04,53.43,57.09,51.3085,7444143,0.0
173,2018-12-21,56.52,57.55,54.51,54.9,49.3403,12780986,0.0
174,2018-12-14,57.1,59.92,55.99,56.57,50.8412,13738221,2.0
175,2018-12-07,63.11,63.41,56.11,57.09,49.5783,14295399,0.0
176,2018-11-30,60.48,62.29,59.97,62.22,54.0333,9802029,0.0
177,2018-11-23,60.48,61.42,58.975,60.05,52.1489,5515619,0.0
178,2018-11-16,58.4,61.16,58.07,60.77,52.7741,7935669,0.0
179,2018-11-09,58.65,60.52,57.89,58.36,50.6812,8937996,0.28
180,2018-11-02,56.2,59.75,54.87,58.3,50.3874,14475623,0.0
181,2018-10-26,60.29,61.22,53.95,55.3,47.7945,20047102,0.0
182,2018-10-19,61.85,63.09,59.65,60.23,52.0554,10312917,0.0
183,2018-10-12,67.69,68.36,61.29,62.13,53.6975,11082601,0.0
184,2018-10-05,68.76,70.76,67.4,67.98,58.7536,7875954,0.0
185,2018-09-28,71.84,71.95,67.97,68.19,58.9351,8761188,0.0
186,2018-09-21,70.61,72.89,69.83,72.2,62.4008,8480251,0.0
187,2018-09-14,69.44,70.89,68.32,70.34,60.7933,8482893,0.0
188,2018-09-07,67.95,70.3,67.68,69.01,59.6438,9384400,0.0
189,2018-08-31,67.81,69.14,67.51,68.42,59.1339,7458425,0.0
190,2018-08-24,67.46,68.7,66.13,67.43,58.2782,9981810,0.0
191,2018-08-17,63.59,67.53,63.32,67.16,58.0449,10375204,0.28
192,2018-08-10,65.73,66.27,63.03,63.56,54.694,6946713,0.0
193,2018-08-03,66.05,66.82,62.8,64.43,55.4426,10736593,0.0
194,2018-07-27,62.69,66.14,61.07,66.07,56.8538,16383990,0.0
195,2018-07-20,63.5,64.14,62.05,62.75,53.9969,9678563,0.0
196,2018-07-13,61.08,63.71,60.83,63.45,54.5993,7944485,0.0
197,2018-07-06,60.29,61.56,59.82,60.91,52.4136,7345006,0.0
198,2018-06-29,61.81,63.2,61.22,61.96,53.3171,9839730,0.0
199,2018-06-22,63.51,64.02,60.97,62.11,53.4462,9687513,0.0
200,2018-06-15,65.1,65.9,62.55,64.0,55.0726,8371121,0.0
201,2018-06-08,63.05,65.67,62.76,65.26,56.1568,8989311,0.0
202,2018-06-01,64.05,64.62,61.64,62.97,54.1863,8617308,0.0
203,2018-05-25,65.47,66.75,64.3,64.64,55.6233,6580710,0.0
204,2018-05-18,63.49,65.3,62.73,65.01,55.9417,8496345,0.28
205,2018-05-11,63.94,64.78,63.16,63.79,54.6497,9612446,0.0
206,2018-05-04,64.75,64.85,60.36,63.8,54.6583,12461739,0.0
207,2018-04-27,69.25,71.4,63.4,64.41,55.1809,16445840,0.0
208,2018-04-20,68.55,71.58,68.18,69.18,59.2674,11614789,0.0
209,2018-04-13,66.83,68.68,65.43,67.87,58.1451,9530884,0.0
210,2018-04-06,65.96,69.03,63.35,66.26,56.7658,14650301,0.0
211,2018-03-29,64.17,66.6,63.57,66.17,56.6887,10278387,0.0
212,2018-03-23,65.92,67.46,62.82,62.94,53.9215,10468092,0.0
213,2018-03-16,69.26,69.26,66.13,67.74,58.0337,16745548,0.0
214,2018-03-09,66.73,70.55,66.68,69.07,59.1732,20016110,0.0
215,2018-03-02,71.68,72.4,66.47,67.19,57.5625,22274944,0.0
216,2018-02-23,68.39,71.34,68.16,71.32,61.1008,8666251,0.0
217,2018-02-16,68.0,69.71,67.17,68.78,58.9247,9941927,0.25
218,2018-02-09,72.6,72.95,65.31,67.5,57.617,13415602,0.0
219,2018-02-02,78.4,79.69,72.06,72.6,61.9703,16438335,0.0
220,2018-01-26,77.52,78.79,76.71,78.71,67.1857,9643917,0.0
221,2018-01-19,76.52,77.64,75.5,77.51,66.1614,7974104,0.0
222,2018-01-12,74.86,76.6,73.88,76.4,65.2139,12063984,0.0
223,2018-01-05,72.57,75.69,72.42,75.1,64.1043,8755766,0.0
224,2017-12-29,71.24,71.68,70.61,71.08,60.6729,3408280,0.0
225,2017-12-22,69.65,71.53,69.65,71.0,60.6046,6669226,0.0
226,2017-12-15,70.68,72.31,68.96,69.16,59.034,9732693,1.2
227,2017-12-08,69.98,72.02,69.68,71.97,60.3986,11686945,0.0
228,2017-12-01,67.03,70.5,66.84,69.65,58.4516,12571128,0.0
229,2017-11-24,66.75,68.355,66.69,66.94,56.1774,5269645,0.0
230,2017-11-17,69.1,69.87,66.3301,66.69,55.9676,10800300,0.25
231,2017-11-10,71.44,71.44,68.75,69.59,58.1914,7241895,0.0
232,2017-11-03,71.37,72.48,70.11,71.32,59.6381,11116141,0.0
233,2017-10-27,75.0,75.68,68.86,71.87,60.098,18711775,0.0
234,2017-10-20,72.9,75.13,72.25,74.92,62.6484,12534805,0.0
235,2017-10-13,73.5,73.73,72.34,72.69,60.7837,10747526,0.0
236,2017-10-06,72.24,74.79,72.17,73.28,61.277,10382375,0.0
237,2017-09-29,71.37,73.29,71.24,72.34,60.491,6654972,0.0
238,2017-09-22,70.0,71.5,69.88,71.42,59.7217,7524478,0.0
239,2017-09-15,67.84,69.98,67.47,69.92,58.4674,7187857,0.0
240,2017-09-08,65.81,67.82,64.95,67.6,56.5274,7820669,0.0
241,2017-09-01,64.45,66.55,64.125,65.86,55.0724,6221003,0.0
242,2017-08-25,63.03,64.54,62.72,64.01,53.5254,5923003,0.0
243,2017-08-18,65.15,65.59,62.79,63.0,52.6808,7387530,0.25
244,2017-08-11,68.47,69.04,64.76,64.81,53.9874,7699948,0.0
245,2017-08-04,68.48,69.01,66.44,68.58,57.1278,8156929,0.0
246,2017-07-28,69.07,70.32,67.25,68.18,56.7946,11611646,0.0
247,2017-07-21,68.65,69.36,67.76,68.87,57.3694,6954831,0.0
248,2017-07-14,67.46,69.56,67.4,68.65,57.1862,7577040,0.0
249,2017-07-07,66.41,68.11,65.84,67.62,56.3282,8492293,0.0
250,2017-06-30,62.77,66.395,62.5751,66.04,55.012,9290757,0.0
251,2017-06-23,65.45,65.45,62.32,62.51,52.0715,6483685,0.0
252,2017-06-16,63.72,65.25,63.47,65.21,54.3206,8101249,0.0
253,2017-06-09,62.92,65.14,61.93,64.01,53.321,10645071,0.0
254,2017-06-02,62.52,64.43,62.01,63.15,52.6046,7380883,0.0
255,2017-05-26,63.06,63.38,62.15,62.63,52.1714,6858646,0.0
256,2017-05-19,63.39,64.46,62.094,62.83,52.338,10759720,0.25
257,2017-05-12,67.05,67.08,63.12,63.37,52.5805,11497944,0.0
258,2017-05-05,66.97,69.17,65.92,67.04,55.6256,8048105,0.0
259,2017-04-28,67.26,68.11,64.99,66.73,55.3684,13938590,0.0
260,2017-04-21,64.98,66.4,64.01,65.76,54.5635,9755983,0.0
261,2017-04-13,66.98,68.03,64.59,64.63,53.6259,6708371,0.0
262,2017-04-07,67.31,68.12,65.84,67.16,55.7252,8350159,0.0
263,2017-03-31,66.99,67.9377,65.76,67.2,55.7584,6398573,0.0
264,2017-03-24,69.44,69.6,67.04,67.62,56.1068,9356357,0.0
265,2017-03-17,67.76,69.61,66.64,69.52,57.6833,11311266,0.0
266,2017-03-10,68.23,68.76,66.23,67.71,56.1815,8849070,0.0
267,2017-03-03,67.31,69.51,66.65,68.63,56.9449,11144548,0.0
268,2017-02-24,68.93,69.18,66.66,67.42,55.9409,6299920,0.0
269,2017-02-17,69.0,70.12,67.65,68.85,57.1274,8206365,0.0
270,2017-02-10,68.05,68.87,66.67,68.73,57.0279,8809307,0.24
271,2017-02-03,67.36,69.8,64.96,68.49,56.631,16862318,0.0
272,2017-01-27,65.99,68.69,65.23,67.59,55.8868,9506438,0.0
273,2017-01-20,67.0,67.46,65.42,66.0,54.5721,7641466,0.0
274,2017-01-13,65.75,67.65,64.76,67.52,55.8289,8114742,0.0
275,2017-01-06,64.62,66.39,64.61,65.88,54.4729,7963532,0.0
276,2016-12-30,65.54,66.01,63.77,63.9,52.8357,4978113,0.0
277,2016-12-23,64.94,66.02,64.77,65.43,54.1008,6811877,0.0
278,2016-12-16,67.67,68.02,64.99,65.1,53.8279,12152452,0.6
279,2016-12-09,63.91,68.5,63.65,67.68,55.4549,17875014,0.0
280,2016-12-02,61.88,63.31,58.78,63.1,51.7021,9662397,0.0
281,2016-11-25,60.04,62.22,59.89,62.0,50.8008,5454605,0.0
282,2016-11-18,59.33,60.695,58.73,59.78,48.9818,9189397,0.24
283,2016-11-11,55.44,60.44,53.38,59.17,48.2898,13015409,0.0
284,2016-11-04,55.61,55.85,53.62,54.52,44.4949,10626743,0.0
285,2016-10-28,56.88,57.54,54.04,55.39,45.2049,14432119,0.0
286,2016-10-21,56.89,57.7,55.32,56.49,46.1026,7553925,0.0
287,2016-10-14,59.35,59.5,56.29,56.82,46.372,8263315,0.0
288,2016-10-07,58.48,60.21,58.36,59.03,48.1756,6770218,0.0
289,2016-09-30,57.57,59.3,56.77,58.78,47.9715,7730593,0.0
290,2016-09-23,56.96,58.77,56.5499,57.93,47.2778,10092958,0.0
291,2016-09-16,55.72,57.26,55.19,56.57,46.1679,11446372,0.0
292,2016-09-09,58.92,59.155,56.1,56.11,45.7925,14143940,0.0
293,2016-09-02,59.85,60.57,58.89,59.21,48.3225,8420391,0.0
294,2016-08-26,59.63,60.75,59.516,59.85,48.8448,6069925,0.0
295,2016-08-19,57.65,59.97,57.65,59.92,48.9019,10506245,0.0
296,2016-08-12,58.19,58.5899,57.3004,57.71,47.0983,5985362,0.24
297,2016-08-05,58.84,59.1,57.03,57.96,47.1065,10935665,0.0
298,2016-07-29,54.86,59.6,54.66,58.97,47.9273,17838411,0.0
299,2016-07-22,53.77,55.53,53.21,55.0,44.7007,11629913,0.0
300,2016-07-15,52.16,55.0,52.14,53.81,43.7336,10133921,0.0
301,2016-07-08,51.66,52.3,49.345,52.12,42.3601,9753431,0.0
302,2016-07-01,50.94,52.45,48.17,51.84,42.1325,17100413,0.0
303,2016-06-24,55.11,56.37,51.805,51.97,42.2381,16468455,0.0
304,2016-06-17,54.8,55.4,52.92,54.37,44.1887,10423871,0.0
305,2016-06-10,55.01,57.45,54.39,54.89,44.6113,8442142,0.0
306,2016-06-03,55.54,56.26,54.52,54.9,44.6195,8024716,0.0
307,2016-05-27,53.46,55.89,53.0001,55.63,45.2128,7979088,0.0
308,2016-05-20,56.13,57.3579,52.98,53.39,43.3922,12228323,0.24
309,2016-05-13,57.48,57.8064,55.7201,56.02,45.3368,9575884,0.0
310,2016-05-06,59.17,59.36,54.75,55.54,44.9484,12345589,0.0
311,2016-04-29,56.47,60.86,55.77,58.91,47.6757,16257697,0.0
312,2016-04-22,55.65,57.09,55.44,56.49,45.7172,11389444,0.0
313,2016-04-15,52.46,56.08,52.44,55.78,45.1426,9692162,0.0
314,2016-04-08,54.11,54.21,51.99,52.65,42.6095,9360943,0.0
315,2016-04-01,53.48,55.245,53.01,54.21,43.872,8894183,0.0
316,2016-03-24,55.13,55.26,51.93,53.45,43.2569,6224070,0.0
317,2016-03-18,52.48,55.6,52.3655,55.18,44.657,16333242,0.0
318,2016-03-11,53.03,53.94,51.26,52.73,42.6742,11222777,0.0
319,2016-03-04,51.92,54.23,51.46,53.42,43.2326,12989540,0.0
320,2016-02-26,51.55,52.67,49.4,51.95,42.043,9869849,0.0
321,2016-02-19,50.55,53.21,50.0,50.9,41.1932,9145916,0.0
322,2016-02-12,49.69,50.53,47.53,50.0,40.4649,12304943,0.24
323,2016-02-05,48.46,51.37,45.92,50.11,40.3551,15969664,0.0
324,2016-01-29,46.41,49.57,45.01,49.07,39.5176,16025904,0.0
325,2016-01-22,45.76,47.53,43.46,46.53,37.472,12264721,0.0
326,2016-01-15,45.59,46.02,43.78,45.31,36.4895,13283179,0.0
327,2016-01-08,46.5,47.84,45.07,45.23,36.4251,13647283,0.0
328,2015-12-31,48.4,48.73,47.39,47.4,38.1727,5148137,0.0
329,2015-12-24,45.55,48.88,45.36,48.45,39.0183,8814124,0.0
330,2015-12-18,47.51,48.4799,45.04,45.16,36.3687,15774677,1.4
331,2015-12-11,49.59,49.69,46.91,47.25,36.9448,13253348,0.0
332,2015-12-04,51.67,52.1,48.27,49.78,38.923,19940463,0.0
333,2015-11-27,51.58,52.08,50.73,51.84,40.5337,5152922,0.0
334,2015-11-20,49.97,51.7925,49.56,51.44,40.221,10167551,0.0
335,2015-11-13,53.58,54.5,49.74,50.01,39.1028,9469374,0.24
336,2015-11-06,52.86,54.225,52.36,53.95,41.9875,11131920,0.0
337,2015-10-30,54.9,55.17,49.46,52.65,40.9757,19987199,0.0
338,2015-10-23,52.44,55.04,51.28,54.85,42.6879,14336856,0.0
339,2015-10-16,55.35,55.8,51.94,52.53,40.8823,12285689,0.0
340,2015-10-09,52.54,56.05,52.01,55.28,43.0226,12087052,0.0
341,2015-10-02,52.65,53.16,50.0,52.06,40.5166,19228759,0.0
342,2015-09-25,56.46,57.12,52.97,53.16,41.3726,12464032,0.0
343,2015-09-18,57.41,58.82,55.81,56.31,43.8242,9711519,0.0
344,2015-09-11,57.82,58.395,56.79,57.47,44.727,8609904,0.0
345,2015-09-04,59.14,59.46,56.63,56.84,44.2367,12144546,0.0
346,2015-08-28,54.75,60.0,53.45,59.45,46.2679,17661849,0.0
347,2015-08-21,62.6,63.17,58.42,58.44,45.4819,10033476,0.0
348,2015-08-14,63.69,64.03,61.81,62.92,48.9685,8618847,0.24
349,2015-08-07,64.88,64.97,62.61,62.95,48.8053,9335377,0.0
350,2015-07-31,64.77,66.43,63.51,64.84,50.2706,15246063,0.0
351,2015-07-24,64.63,65.75,64.34,64.9,50.3171,12518601,0.0
352,2015-07-17,63.67,65.79,63.46,64.48,49.9915,8366402,0.0
353,2015-07-10,64.19,64.86,62.52,63.39,49.1464,8602756,0.0
354,2015-07-02,64.35,64.73,63.36,64.69,50.1543,7081514,0.0
355,2015-06-26,65.09,65.43,64.03,64.82,50.2551,7019683,0.0
356,2015-06-19,64.56,65.19,63.25,64.75,50.2008,7530767,0.0
357,2015-06-12,63.48,65.55,63.35,65.01,50.4024,5946959,0.0
358,2015-06-05,64.23,65.07,63.16,63.53,49.2549,6401752,0.0
359,2015-05-29,65.72,66.74,63.42,63.56,49.2782,7154283,0.0
360,2015-05-22,66.12,66.64,65.07,65.765,50.9877,5421331,0.0
361,2015-05-15,66.33,67.17,65.7003,66.45,51.5188,6635852,0.22
362,2015-05-08,65.8,66.69,64.31,66.49,51.3797,8065930,0.0
363,2015-05-01,66.59,67.0,64.97,65.57,50.6688,9039215,0.0
364,2015-04-24,63.45,68.44,63.29,66.14,51.1093,13944019,0.0
365,2015-04-17,63.13,64.52,62.35,62.77,48.5051,6876674,0.0
366,2015-04-10,60.68,63.58,60.5001,63.235,48.8645,7145921,0.0
367,2015-04-02,62.48,63.6025,60.78,61.2,47.2919,6567425,0.0
368,2015-03-27,63.98,64.35,61.51,62.17,48.0415,7427335,0.0
369,2015-03-20,62.12,63.94,61.89,63.61,49.1542,8517558,0.0
370,2015-03-13,61.66,62.43,60.275,61.73,47.7015,7713836,0.0
371,2015-03-06,64.26,65.23,61.51,61.655,47.6435,9021965,0.0
372,2015-02-27,64.51,65.08,63.61,64.05,49.4942,7607931,0.0
373,2015-02-20,64.33,64.99,63.53,64.59,49.9115,5166063,0.0
374,2015-02-13,62.44,64.49,62.22,64.225,49.6295,8393277,0.22
375,2015-02-06,60.41,63.34,59.33,62.75,48.3205,12331228,0.0
376,2015-01-30,64.3,65.23,59.99,60.11,46.2876,12769861,0.0
377,2015-01-23,64.76,65.42,63.92,64.55,49.7066,7391449,0.0
378,2015-01-16,66.39,67.2499,63.08,64.5,49.6681,11075823,0.0
379,2015-01-09,67.69,68.144,64.83,65.23,50.2302,13706636,0.0
380,2015-01-02,68.99,69.9,67.44,68.15,52.4788,4750555,0.0
381,2014-12-26,69.28,70.27,69.01,69.13,53.2334,4260858,0.0
382,2014-12-19,68.4,70.0,66.22,69.24,53.3181,15414863,1.0
383,2014-12-12,70.0,70.77,67.7,67.7,51.3767,9292036,0.0
384,2014-12-05,67.03,71.15,66.6,70.25,53.3119,9633497,0.0
385,2014-11-28,67.29,68.04,66.71,67.02,50.8607,5765824,0.0
386,2014-11-21,66.64,67.62,65.47,66.98,50.8303,7249117,0.0
387,2014-11-14,67.0,67.15,65.8,66.63,50.5647,6677419,0.22
388,2014-11-07,65.2,67.12,64.9,66.95,50.641,9755710,0.0
389,2014-10-31,60.9,66.21,60.42,65.32,49.4081,13808959,0.0
390,2014-10-24,58.18,61.485,57.515,61.4,46.443,12027293,0.0
391,2014-10-17,56.52,59.16,55.34,58.4,44.1738,11769696,0.0
392,2014-10-10,58.06,58.91,56.39,56.48,42.7215,13403831,0.0
393,2014-10-03,56.87,58.06,56.01,57.91,43.8031,12622520,0.0
394,2014-09-26,59.45,59.61,57.42,57.57,43.546,8962246,0.0
395,2014-09-19,60.09,60.53,58.65,59.78,45.2176,9175400,0.0
396,2014-09-12,61.23,61.795,59.84,60.14,45.4899,6800600,0.0
397,2014-09-05,63.1,63.22,61.385,61.61,46.6018,6188300,0.0
398,2014-08-29,63.11,63.355,62.04,62.81,47.5095,3998200,0.0
399,2014-08-22,62.73,64.45,62.21,62.75,47.4641,5308700,0.0
400,2014-08-15,62.06,62.92,60.81,62.19,47.0405,4380300,0.22
401,2014-08-08,61.46,62.75,60.51,61.87,46.633,7788100,0.0
402,2014-08-01,64.98,66.4,61.16,61.47,46.3315,9613600,0.0
403,2014-07-25,66.0,66.61,64.75,65.04,49.0223,5880100,0.0
404,2014-07-18,66.2,66.4,65.2601,65.95,49.7082,5204300,0.0
405,2014-07-11,67.0,67.15,64.33,65.6,49.4444,7741500,0.0
406,2014-07-03,62.99,67.64,62.61,67.25,50.688,7790600,0.0
407,2014-06-27,64.28,64.65,62.8255,62.9,47.4093,11226900,0.0
408,2014-06-20,63.08,64.5858,62.64,64.38,48.5248,8867000,0.0
409,2014-06-13,64.45,65.59,62.685,63.29,47.7033,5673800,0.0
410,2014-06-06,63.37,65.13,62.59,64.68,48.7509,6508000,0.0
411,2014-05-30,63.59,64.74,63.06,63.36,47.756,5659200,0.0
412,2014-05-23,61.37,63.0,61.06,62.95,47.447,7621300,0.0
413,2014-05-16,63.09,63.96,60.21,61.38,46.2636,8602700,0.22
414,2014-05-09,62.66,63.69,62.17,62.57,46.9917,7722600,0.0
415,2014-05-02,66.17,66.78,62.82,63.29,47.5324,13796600,0.0
416,2014-04-25,65.53,66.755,65.18,65.66,49.3123,5894300,0.0
417,2014-04-17,64.65,65.92,63.48,65.38,49.1021,6234800,0.0
418,2014-04-11,65.75,67.06,63.86,64.13,48.1633,10893300,0.0
419,2014-04-04,67.03,68.375,65.43,65.73,49.3649,12094000,0.0
420,2014-03-28,67.51,68.81,65.59,66.56,49.9883,10431600,0.0
421,2014-03-21,65.67,68.11,65.58,67.39,50.6116,9273900,0.0
422,2014-03-14,65.65,66.63,64.81,65.0,48.8167,7905200,0.0
423,2014-03-07,65.03,66.44,64.7001,65.93,49.5151,8819200,0.0
424,2014-02-28,62.7,66.46,62.53,65.84,49.4475,12730000,0.0
425,2014-02-21,61.75,65.09,61.65,62.37,46.8415,8447600,0.0
426,2014-02-14,58.93,61.665,58.23,61.54,46.2181,10439100,0.2
427,2014-02-07,55.67,59.58,53.59,59.15,44.2737,19188200,0.0
428,2014-01-31,56.07,57.75,55.1201,56.0,41.9159,10790900,0.0
429,2014-01-24,59.83,60.0,56.21,56.24,42.0955,6474400,0.0
430,2014-01-17,58.86,59.73,58.04,59.53,44.5581,7219300,0.0
431,2014-01-10,59.67,60.17,58.24,59.19,44.3036,9159700,0.0
432,2014-01-03,58.46,59.35,58.22,58.63,43.8845,3835200,0.0
433,2013-12-27,57.68,58.89,57.59,58.47,43.7647,3406700,0.0
434,2013-12-20,56.47,58.03,56.06,57.62,43.1285,8494000,0.9
435,2013-12-13,57.22,57.38,55.936,56.16,41.3904,5223100,0.0
436,2013-12-06,57.2,57.45,55.01,56.95,41.9726,6697500,0.0
437,2013-11-29,56.65,57.6,56.46,57.31,42.238,3487200,0.0
438,2013-11-22,57.04,57.34,55.03,56.64,41.7442,5737900,0.0
439,2013-11-15,56.85,57.44,56.04,57.0,42.0095,6058500,0.2
440,2013-11-08,56.41,57.83,55.895,56.84,41.744,7176100,0.0
441,2013-11-01,58.4,58.77,55.29,56.22,41.2887,12650400,0.0
442,2013-10-25,57.43,58.64,57.14,58.55,42.9999,6029300,0.0
443,2013-10-18,55.79,57.74,55.7,57.56,42.2728,5387300,0.0
444,2013-10-11,54.91,56.27,53.67,56.195,41.2703,7119600,0.0
445,2013-10-04,55.39,56.17,54.87,55.52,40.7746,7748800,0.0
446,2013-09-27,57.15,57.63,55.57,55.8,40.9802,7145100,0.0
447,2013-09-20,57.11,58.42,56.5818,57.65,42.3389,7351000,0.0
448,2013-09-13,54.49,56.31,54.24,56.28,41.3328,4979900,0.0
449,2013-09-06,54.53,54.97,53.07,54.24,39.8346,5352200,0.0
450,2013-08-30,55.05,55.4,53.39,53.61,39.3719,5873100,0.0
451,2013-08-23,54.77,55.468,53.95,55.21,40.5469,4719300,0.0
452,2013-08-16,55.58,56.6,54.48,54.74,40.2018,4430300,0.2
453,2013-08-09,56.65,56.89,55.28,55.93,40.929,4856600,0.0
454,2013-08-02,56.05,57.13,55.79,56.94,41.6681,6548100,0.0
455,2013-07-26,58.41,60.0,55.52,56.1,41.0534,11457000,0.0
456,2013-07-19,56.81,57.93,56.55,57.63,42.173,6376100,0.0
457,2013-07-12,54.74,56.91,54.45,56.65,41.4558,7416500,0.0
458,2013-07-05,53.66,54.54,52.592,54.37,39.7874,4891400,0.0
459,2013-06-28,51.93,53.95,51.13,53.66,39.2678,8832400,0.0
460,2013-06-21,53.53,54.65,51.7,52.33,38.2945,7030600,0.0
461,2013-06-14,54.55,54.64,52.33,53.22,38.9458,4636000,0.0
462,2013-06-07,53.89,54.43,52.18,54.35,39.7727,8698800,0.0
463,2013-05-31,54.01,54.66,53.38,53.6,39.2239,4675100,0.0
464,2013-05-24,54.2,55.05,52.83,53.35,39.0409,7259000,0.0
465,2013-05-17,52.27,54.69,51.81,54.54,39.9118,9308800,0.2
466,2013-05-10,51.2,53.41,50.0101,52.61,38.3552,8607900,0.0
467,2013-05-03,49.59,53.12,48.971,52.54,38.3042,10846500,0.0
468,2013-04-26,48.56,50.155,47.79,49.52,36.1025,11356700,0.0
469,2013-04-19,49.89,50.03,47.12,48.2,35.1401,9934000,0.0
470,2013-04-12,48.15,50.86,47.7,50.23,36.6201,10416500,0.0
471,2013-04-05,50.56,50.79,47.28,48.19,35.1328,13255500,0.0
472,2013-03-28,50.2,50.65,49.18,50.56,36.8607,6109400,0.0
473,2013-03-22,50.29,50.72,48.955,50.04,36.4816,10029100,0.0
474,2013-03-15,50.28,51.38,49.84,50.96,37.1523,8763100,0.0
475,2013-03-08,46.9,50.46,45.87,50.46,36.7878,12988400,0.0
476,2013-03-01,47.18,48.02,45.81,46.97,34.2434,8451600,0.0
477,2013-02-22,48.26,48.7,46.27,46.86,34.1632,6881500,0.0
478,2013-02-15,47.63,48.32,47.27,48.09,35.0599,6416800,0.2
479,2013-02-08,47.36,48.32,46.51,47.5,34.4862,9799500,0.0
480,2013-02-01,48.41,48.7499,46.94,47.55,34.5225,13414600,0.0
481,2013-01-25,46.16,48.5,46.0,48.23,35.0162,8993700,0.0
482,2013-01-18,46.03,46.59,45.52,46.37,33.6658,6824800,0.0
483,2013-01-11,46.49,46.65,45.42,46.03,33.419,8353100,0.0
484,2013-01-04,44.34,47.16,44.22,46.8,33.978,8945300,0.0
485,2012-12-28,44.91,45.15,43.78,44.43,32.2573,5192400,0.0
486,2012-12-21,44.17,45.44,43.67,44.84,32.555,12277900,0.0
487,2012-12-14,43.79,45.34,43.74,43.91,31.8798,9609200,0.8
488,2012-12-07,44.11,44.535,42.87,43.84,31.2686,13068200,0.0
489,2012-11-30,42.94,44.49,42.84,43.94,31.3399,8571200,0.0
490,2012-11-23,42.34,43.21,41.96,43.05,30.7051,6314100,0.0
491,2012-11-16,43.22,43.47,41.17,41.84,29.8421,11444000,0.2
492,2012-11-09,44.8,45.54,42.955,43.01,30.5297,13241200,0.0
493,2012-11-02,43.5,45.68,42.89,45.01,31.9494,12722100,0.0
494,2012-10-26,40.43,43.5,39.55,43.34,30.764,23528500,0.0
495,2012-10-19,40.43,40.98,40.035,40.41,28.6842,12183400,0.0
496,2012-10-12,41.12,41.67,39.52,40.15,28.4996,13498900,0.0
497,2012-10-05,40.2,42.08,40.05,41.39,29.3798,11503400,0.0
498,2012-09-28,41.39,41.6,39.43,40.02,28.4073,9932900,0.0
499,2012-09-21,42.96,43.0,41.43,41.48,29.4437,11191200,0.0
500,2012-09-14,41.69,43.38,40.57,43.05,30.5581,12599900,0.0
501,2012-09-07,39.78,41.99,38.76,41.71,29.6069,8123600,0.0
502,2012-08-31,40.32,40.44,39.22,39.91,28.3293,5978700,0.0
503,2012-08-24,41.59,41.81,39.87,40.27,28.5848,8731600,0.0
504,2012-08-17,41.14,41.94,40.63,41.88,29.7276,7446800,0.2
505,2012-08-10,39.96,41.34,39.9,41.34,29.2022,7755500,0.0
506,2012-08-03,40.8,41.0,37.67,39.72,28.0578,12093900,0.0
507,2012-07-27,36.36,41.05,35.44,40.8,28.8207,18680400,0.0
508,2012-07-20,37.03,38.21,35.85,37.22,26.2918,10142400,0.0
509,2012-07-13,37.67,38.22,35.21,37.22,26.2918,19566000,0.0
510,2012-07-06,39.31,39.4,37.2,37.76,26.6733,7472200,0.0
511,2012-06-29,37.91,39.19,37.0,39.19,27.6834,9937000,0.0
512,2012-06-22,39.21,40.64,38.0,38.45,27.1607,18580200,0.0
513,2012-06-15,39.0,39.59,37.88,39.4,27.8318,13781800,0.0
514,2012-06-08,36.41,38.81,35.55,38.62,27.2808,11517500,0.0
515,2012-06-01,38.7,39.44,36.33,36.49,25.7762,10197000,0.0
516,2012-05-25,37.66,39.04,37.61,38.35,27.0901,10428000,0.0
517,2012-05-18,38.83,39.84,37.5,37.59,26.5532,14494500,0.2
518,2012-05-11,41.1,41.33,38.46,39.36,27.6612,21830500,0.0
519,2012-05-04,43.56,43.65,40.77,41.08,28.87,14296500,0.0
520,2012-04-27,41.75,43.885,41.06,43.73,30.7323,15551100,0.0
521,2012-04-20,42.87,43.93,42.14,42.22,29.6711,14366000,0.0
522,2012-04-13,45.29,45.29,41.65,42.75,30.0436,17872200,0.0
523,2012-04-05,46.76,48.22,45.57,45.96,32.2995,10744100,0.0
524,2012-03-30,46.97,47.99,46.0,46.83,32.9109,8207800,0.0
525,2012-03-23,47.17,47.755,45.59,46.45,32.6439,7940200,0.0
526,2012-03-16,45.85,48.0,45.44,47.37,33.2904,10276800,0.0
527,2012-03-09,44.86,46.12,43.87,45.85,32.2222,9899300,0.0
528,2012-03-02,45.49,46.66,44.69,44.91,31.5616,12653000,0.0
529,2012-02-24,46.42,46.61,45.05,45.84,32.2152,9043000,0.0
530,2012-02-17,43.59,47.0,43.0,46.18,32.4541,19755900,0.18
531,2012-02-10,44.29,44.32,42.6099,43.27,30.2861,12761300,0.0
532,2012-02-03,44.11,46.63,42.76,44.25,30.972,32903500,0.0
533,2012-01-27,43.85,46.1899,43.48,44.59,31.21,14631400,0.0
534,2012-01-20,43.0,44.16,42.38,43.9,30.727,11280400,0.0
535,2012-01-13,40.28,42.805,40.04,42.44,29.7051,12454200,0.0
536,2012-01-06,38.57,40.63,38.36,40.14,28.0953,11923900,0.0
537,2011-12-30,37.92,38.17,36.69,37.47,26.2265,4629500,0.0
538,2011-12-23,36.54,37.98,35.38,37.98,26.5834,9625600,0.0
539,2011-12-16,39.77,39.79,36.11,36.22,25.3516,15996700,0.7
540,2011-12-09,41.1,41.14,38.64,40.1,27.5374,13606800,0.0
541,2011-12-02,38.6,41.29,38.16,40.34,27.7023,12139800,0.0
542,2011-11-25,38.3,38.57,36.84,37.28,25.6009,10075600,0.0
543,2011-11-18,42.62,42.66,38.94,39.16,26.8919,15527600,0.18
544,2011-11-11,43.55,44.11,41.47,42.66,29.1651,14485100,0.0
545,2011-11-04,43.53,44.17,41.5,43.56,29.7804,18552300,0.0
546,2011-10-28,41.04,44.34,40.63,44.19,30.2112,23936500,0.0
547,2011-10-21,39.85,41.19,38.2801,40.76,27.8662,17123900,0.0
548,2011-10-14,36.698,40.09,36.11,39.84,27.2372,14994800,0.0
549,2011-10-07,33.51,36.87,31.57,36.18,24.735,17157500,0.0
550,2011-09-30,34.36,37.28,33.522,33.82,23.1215,20037700,0.0
551,2011-09-23,37.47,38.12,33.0,34.06,23.2856,21236500,0.0
552,2011-09-16,34.87,39.38,34.46,38.1,26.0476,21999000,0.0
553,2011-09-09,34.32,37.14,34.29,35.38,24.1881,16131600,0.0
554,2011-09-02,36.32,39.1,35.29,35.67,24.3863,19114600,0.0
555,2011-08-26,34.78,36.89,33.63,35.8,24.4752,17743800,0.0
556,2011-08-19,37.09,38.54,33.82,34.02,23.2583,20087500,0.18
557,2011-08-12,38.85,39.1,34.48,36.84,25.0665,40897700,0.0
558,2011-08-05,43.28,43.66,37.48,39.2,26.6723,30273100,0.0
559,2011-07-29,49.8,50.74,42.25,42.81,29.1285,27389200,0.0
560,2011-07-22,49.0,50.535,48.01,50.22,34.1704,12595000,0.0
561,2011-07-15,51.74,51.83,48.85,49.28,33.5308,16351500,0.0
562,2011-07-08,52.0,53.68,51.26,52.25,35.5517,11327200,0.0
563,2011-07-01,48.24,52.17,47.71,52.05,35.4156,9337300,0.0
564,2011-06-24,47.43,49.4,47.43,48.46,32.9729,10991700,0.0
565,2011-06-17,45.96,48.17,45.19,47.67,32.4354,14906400,0.0
566,2011-06-10,47.16,48.4,45.5,45.77,31.1426,15158000,0.0
567,2011-06-03,49.86,50.15,46.68,47.37,32.2312,10308400,0.0
568,2011-05-27,49.75,50.45,48.98,49.45,33.6465,8348500,0.0
569,2011-05-20,51.55,51.81,49.77,50.55,34.395,9408800,0.12
570,2011-05-13,52.92,53.67,51.53,51.67,35.0731,9499400,0.0
571,2011-05-06,53.44,54.0,51.91,53.01,35.9827,11261000,0.0
572,2011-04-29,53.27,54.58,52.32,53.11,36.0506,16422400,0.0
573,2011-04-21,50.55,53.85,49.4,53.27,36.1592,14160700,0.0
574,2011-04-15,51.51,51.64,49.21,51.43,34.9102,11623800,0.0
575,2011-04-08,53.71,53.939,51.09,51.28,34.8084,11476900,0.0
576,2011-04-01,50.05,54.17,48.62,53.44,36.2746,16771800,0.0
577,2011-03-25,49.91,50.79,48.38,49.86,33.8445,12768000,0.0
578,2011-03-18,48.19,49.12,46.5,48.46,32.8942,14160200,0.0
579,2011-03-11,50.05,50.59,47.04,48.77,33.1046,15977300,0.0
580,2011-03-04,50.41,50.72,48.53,49.2,33.3965,11306900,0.0
581,2011-02-25,52.22,52.88,49.26,50.12,34.021,9841200,0.0
582,2011-02-18,52.45,53.29,52.01,52.65,35.7383,10471600,0.12
583,2011-02-11,50.6,52.705,50.42,52.52,35.5688,14210400,0.0
584,2011-02-04,54.84,56.56,49.7,50.6,34.2685,28596800,0.0
585,2011-01-28,54.92,56.88,54.29,54.82,37.1265,9478400,0.0
586,2011-01-21,56.66,57.23,54.94,55.1,37.3161,8208100,0.0
587,2011-01-14,56.39,58.0,56.0,56.38,38.183,10380900,0.0
588,2011-01-07,58.0299,58.75,56.05,56.73,38.42,12525400,0.0
589,2010-12-31,56.93,57.83,56.4,57.34,38.8331,5698000,0.0
590,2010-12-23,56.64,57.52,55.99,57.11,38.6774,7301000,0.0
591,2010-12-17,57.0,57.75,56.14,56.5,38.2643,15894900,0.3
592,2010-12-10,56.08,56.96,55.19,56.71,38.2059,14441600,0.0
593,2010-12-03,54.17,56.89,52.81,56.26,37.9028,16753900,0.0
594,2010-11-26,53.81,55.5,52.26,54.68,36.8383,8615600,0.0
595,2010-11-19,53.14,54.27,51.02,54.14,36.4745,12172900,0.12
596,2010-11-12,54.78,55.2,52.23,52.82,35.5027,11643700,0.0
597,2010-11-05,51.96,55.48,51.53,55.25,37.136,12219100,0.0
598,2010-10-29,51.05,51.66,48.37,51.26,34.4542,15153200,0.0
599,2010-10-22,50.3,51.71,48.98,50.77,34.1248,12715800,0.0
600,2010-10-15,50.14,51.03,49.1,50.47,33.9232,12694000,0.0
601,2010-10-08,48.14,50.5,47.14,50.25,33.7753,13105100,0.0
602,2010-10-01,47.42,49.07,46.142,48.28,32.4512,14540200,0.0
603,2010-09-24,45.88,47.72,45.6,47.69,32.0546,13256200,0.0
604,2010-09-17,45.44,45.95,44.665,45.5,30.5826,12523900,0.0
605,2010-09-10,45.04,45.455,44.07,44.93,30.1995,8345700,0.0
606,2010-09-03,41.95,45.68,40.21,45.3,30.4482,13764200,0.0
607,2010-08-27,42.58,42.85,39.77,42.09,28.2906,14648800,0.0
608,2010-08-20,41.63,44.31,41.32,42.18,28.3511,12597500,0.09
609,2010-08-13,45.87,46.02,41.54,42.07,28.2191,13730500,0.0
610,2010-08-06,46.54,47.14,44.3,45.46,30.493,13284000,0.0
611,2010-07-30,46.27,47.58,44.8,45.82,30.7345,18854500,0.0
612,2010-07-23,42.17,46.44,41.39,46.17,30.9693,21805900,0.0
613,2010-07-16,41.67,44.13,41.05,41.99,28.1655,14525800,0.0
614,2010-07-09,39.81,42.15,38.745,41.84,28.0649,10187100,0.0
615,2010-07-02,43.03,43.39,38.6,39.34,26.3879,16520500,0.0
616,2010-06-25,44.22,45.41,41.98,43.16,28.9503,15249600,0.0
617,2010-06-18,42.74,44.37,41.89,43.65,29.279,12854800,0.0
618,2010-06-11,39.92,42.8,38.5,42.17,28.2862,17815600,0.0
619,2010-06-04,40.74,42.75,39.69,39.86,26.7367,14369900,0.0
620,2010-05-28,39.55,41.86,37.76,41.0,27.5014,20728400,0.0
621,2010-05-21,44.22,44.58,38.28,40.1,26.8977,21093300,0.09
622,2010-05-14,44.2,46.79,43.14,44.1,29.5197,19206500,0.0
623,2010-05-07,46.77,48.15,39.75,41.58,27.8329,23286600,0.0
624,2010-04-30,48.0,48.64,46.24,46.52,31.1396,12773200,0.0
625,2010-04-23,45.82,48.12,44.81,48.04,32.1571,19583400,0.0
626,2010-04-16,45.5,46.97,45.13,45.89,30.7179,10857800,0.0
627,2010-04-09,44.02,45.5,43.76,45.44,30.4167,11730500,0.0
628,2010-04-01,43.77,44.25,43.14,43.83,29.339,8481600,0.0
629,2010-03-26,42.03,44.54,41.81,43.67,29.2319,15440400,0.0
630,2010-03-19,41.11,42.52,40.65,42.25,28.2814,15782400,0.0
631,2010-03-12,39.12,41.84,38.7,41.35,27.6789,18551400,0.0
632,2010-03-05,35.43,39.23,35.39,39.21,26.2465,19512900,0.0
633,2010-02-26,36.05,36.23,34.7,35.35,23.6626,13411700,0.0
634,2010-02-19,35.96,36.6,35.45,35.95,24.0643,8779900,0.09
635,2010-02-12,33.74,35.81,33.66,35.55,23.7373,14367300,0.0
636,2010-02-05,36.16,36.695,33.45,34.16,22.8092,18484700,0.0
637,2010-01-29,36.7,37.07,34.91,36.03,24.0578,18549500,0.0
638,2010-01-22,37.86,38.69,36.09,36.16,24.1446,10126700,0.0
639,2010-01-15,38.25,39.13,37.9,38.0,25.3732,13718000,0.0
640,2010-01-08,36.99,38.61,36.32,38.31,25.5802,13356000,0.0
641,2009-12-31,36.79,36.9,36.23,36.27,24.218,4556600,0.0
642,2009-12-24,36.11,37.01,36.06,36.76,24.5452,5825000,0.0
643,2009-12-18,36.8,36.8,34.72,36.04,24.0645,15407600,0.0
644,2009-12-11,36.41,36.825,35.06,36.15,24.1379,12857100,0.0
645,2009-12-04,36.625,38.5,35.84,36.4,24.3048,16271000,0.0
646,2009-11-27,38.89,39.7,36.53,37.21,24.8457,7421300,0.0
647,2009-11-20,38.95,39.92,38.04,38.49,25.7004,10272500,0.09
648,2009-11-13,39.02,40.14,38.43,38.96,25.9549,11174300,0.0
649,2009-11-06,37.56,39.22,36.56,38.68,25.7683,15731500,0.0
650,2009-10-30,39.06,40.05,36.57,37.41,24.9223,22304500,0.0
651,2009-10-23,38.04,40.26,37.24,39.06,26.0215,18288800,0.0
652,2009-10-16,37.48,38.2,36.47,37.63,25.0688,11435700,0.0
653,2009-10-09,35.76,37.95,35.29,37.21,24.789,13782100,0.0
654,2009-10-02,37.46,38.48,34.89,35.58,23.7031,13536100,0.0
655,2009-09-25,39.21,39.68,36.805,37.1,24.7157,21390700,0.0
656,2009-09-18,38.26,39.98,38.18,39.63,26.4012,16545100,0.0
657,2009-09-11,36.43,38.9,36.43,38.55,25.6817,12902700,0.0
658,2009-09-04,36.4,37.41,34.38,36.42,24.2627,15444600,0.0
659,2009-08-28,37.24,37.91,35.98,36.71,24.4559,13010300,0.0
660,2009-08-21,34.53,37.58,33.53,37.18,24.769,17438000,0.0
661,2009-08-14,35.79,36.89,34.67,35.19,23.4433,15442100,0.09
662,2009-08-07,34.98,36.23,34.15,36.08,23.9749,15973300,0.0
663,2009-07-31,34.6,35.38,30.97,34.65,23.0247,28218200,0.0
664,2009-07-24,32.01,35.43,32.01,34.59,22.9848,23326300,0.0
665,2009-07-17,29.49,32.25,28.75,31.95,21.2306,22578300,0.0
666,2009-07-10,30.9,31.02,28.52,29.5,19.6025,25469500,0.0
667,2009-07-02,31.88,33.82,31.09,31.13,20.6857,17073900,0.0
668,2009-06-26,30.68,32.24,29.93,31.54,20.9581,19392300,0.0
669,2009-06-19,33.1,33.1,30.14,31.42,20.8784,23655300,0.0
670,2009-06-12,34.09,34.98,32.81,33.27,22.1077,19010800,0.0
671,2009-06-05,30.55,35.14,30.4,34.2,22.7257,29311500,0.0
672,2009-05-29,28.07,29.89,27.92,29.85,19.8351,14097400,0.0
673,2009-05-22,29.19,31.02,27.87,28.27,18.7852,20063500,0.0
674,2009-05-15,33.11,33.47,28.49,28.88,19.1906,26891500,0.18
675,2009-05-08,34.93,36.04,32.46,33.59,22.1821,24732700,0.0
676,2009-05-01,33.7,36.9,33.0,34.5,22.783,33951700,0.0
677,2009-04-24,32.13,35.3,29.79,34.93,23.067,29293600,0.0
678,2009-04-17,31.66,34.84,30.3201,33.86,22.3604,24079300,0.0
679,2009-04-09,30.11,32.145,27.42,31.93,21.0858,22224400,0.0
680,2009-04-03,26.54,30.32,24.83,30.26,19.983,36381300,0.0
681,2009-03-27,26.9,28.46,25.38,26.59,17.5594,28659500,0.0
682,2009-03-20,23.61,26.68,22.75,25.24,16.6679,33987900,0.0
683,2009-03-13,20.76,23.91,20.67,23.49,15.5123,28325200,0.0
684,2009-03-06,24.56,25.75,20.38,21.07,13.9141,39944900,0.0
685,2009-02-27,26.84,27.22,24.74,25.07,16.5557,32322800,0.0
686,2009-02-20,28.0,28.26,25.94,26.73,17.6519,19805000,0.18
687,2009-02-13,30.55,31.28,27.97,29.54,19.3804,26097100,0.0
688,2009-02-06,25.54,31.08,25.445,30.81,20.2136,30658700,0.0
689,2009-01-30,25.7,27.68,24.6,26.39,17.3138,23277200,0.0
690,2009-01-23,27.9,28.4,25.0,25.81,16.9333,17420300,0.0
691,2009-01-16,29.4,30.51,26.82,27.88,18.2913,22688900,0.0
692,2009-01-09,30.53,32.57,29.76,30.13,19.7675,23125800,0.0
693,2009-01-02,27.14,30.99,26.21,30.88,20.2596,9835500,0.0
694,2008-12-26,28.73,28.73,25.34,27.27,17.8911,6863400,0.0
695,2008-12-19,27.26,28.99,26.45,28.34,18.5931,23567000,0.1
696,2008-12-12,27.88,31.97,25.61,27.0,17.6521,32198900,0.0
697,2008-12-05,27.01,27.86,24.28,27.8,18.1752,21072900,0.0
698,2008-11-28,25.06,28.48,24.37,27.87,18.2209,14575700,0.0
699,2008-11-21,27.35,28.95,21.99,24.29,15.8804,31278600,0.0
700,2008-11-14,27.45,29.85,24.9,28.11,18.3778,28088800,0.18
701,2008-11-07,29.04,31.56,25.8,26.63,17.2995,21459200,0.0
702,2008-10-31,22.85,30.2,22.1,29.24,18.995,30629600,0.0
703,2008-10-24,28.92,30.35,21.96,23.21,15.0778,30296500,0.0
704,2008-10-17,29.58,34.21,26.03,28.95,18.8066,28538000,0.0
705,2008-10-10,32.36,34.63,25.77,28.77,18.6897,38452600,0.0
706,2008-10-03,38.68,39.67,32.48,32.55,21.1452,33293700,0.0
707,2008-09-26,43.22,43.88,37.79,39.0,25.3353,20816200,0.0
708,2008-09-19,41.31,45.63,39.06,43.95,28.5509,31001800,0.0
709,2008-09-12,42.61,44.75,40.57,43.03,27.9533,23432700,0.0
710,2008-09-05,44.88,45.25,40.25,41.88,27.2062,17364400,0.0
711,2008-08-29,43.01,44.59,41.21,43.06,27.9728,13368200,0.0
712,2008-08-22,44.98,45.71,42.25,43.34,28.1547,12305000,0.0
713,2008-08-15,42.62,45.12,41.55,44.81,29.1096,14633100,0.18
714,2008-08-08,41.67,43.06,39.81,42.78,27.6743,16002000,0.0
715,2008-08-01,40.89,43.44,39.69,41.46,26.8204,20596800,0.0
716,2008-07-25,43.14,45.95,41.03,41.64,26.9369,20322300,0.0
717,2008-07-18,40.64,44.49,38.71,43.26,27.9849,17540100,0.0
718,2008-07-11,41.05,42.94,39.8,40.86,26.4323,20326000,0.0
719,2008-07-03,42.12,43.25,39.8588,40.8,26.3935,14883500,0.0
720,2008-06-27,45.03,45.75,41.43,42.38,27.4156,17514700,0.0
721,2008-06-20,47.55,47.93,44.45,44.9,29.0458,15737000,0.0
722,2008-06-13,49.66,50.31,45.9,48.1,31.1159,17735400,0.0
723,2008-06-06,53.47,53.73,49.65,49.65,32.1185,16429300,0.0
724,2008-05-30,50.41,53.81,49.88,53.39,34.538,9799300,0.0
725,2008-05-23,49.57,51.7,49.33,50.14,32.4355,15704200,0.0
726,2008-05-16,47.74,50.83,47.23,49.57,32.0668,11980000,0.18
727,2008-05-09,49.64,50.61,46.88,47.52,30.6315,11903300,0.0
728,2008-05-02,46.91,51.25,46.58,50.13,32.3139,13698100,0.0
729,2008-04-25,47.84,50.41,45.93,46.74,30.1287,15122800,0.0
730,2008-04-18,44.3,48.73,44.16,48.67,31.3728,17638700,0.0
731,2008-04-11,48.69,49.24,44.3,44.68,28.8008,15893300,0.0
732,2008-04-04,44.98,49.1,44.32,48.26,31.1085,15882200,0.0
733,2008-03-28,46.84,48.13,44.06,44.15,28.4592,16131700,0.0
734,2008-03-20,46.1,48.42,43.43,46.99,30.2898,15440400,0.0
735,2008-03-14,42.16,47.38,41.1375,45.47,29.31,19042500,0.0
736,2008-03-07,43.44,45.19,41.25,42.16,27.1764,19983600,0.0
737,2008-02-29,43.5,46.39,43.31,43.38,27.9628,16042500,0.0
738,2008-02-22,43.29,45.98,42.3,43.5,28.0402,12659500,0.0
739,2008-02-15,43.27,45.57,42.2,42.69,27.518,15460300,0.18
740,2008-02-08,46.3,46.36,42.0,43.03,27.6221,20034800,0.0
741,2008-02-01,46.87,48.5,44.15,46.38,29.7726,20958400,0.0
742,2008-01-25,42.68,48.0,41.58,46.7,29.978,22305900,0.0
743,2008-01-18,46.86,48.72,43.24,44.47,28.5465,18978400,0.0
744,2008-01-11,50.8,51.96,46.44,46.82,30.055,18896200,0.0
745,2008-01-04,55.53,56.4,50.26,50.45,32.3852,9475000,0.0
746,2007-12-28,56.97,57.53,55.07,55.92,35.8966,4478800,0.0
747,2007-12-21,52.43,56.76,50.39,56.58,36.3203,14290000,0.0
748,2007-12-14,56.36,58.09,52.64,53.15,34.1185,13596300,1.0
749,2007-12-07,50.65,56.7,48.5,56.36,35.5109,15791700,0.0
750,2007-11-30,48.04,51.64,46.15,50.61,31.888,12079500,0.0
751,2007-11-23,46.84,48.92,46.29,48.19,30.3632,8944900,0.0
752,2007-11-16,48.01,50.77,46.55,47.07,29.6575,23332500,0.18
753,2007-11-09,55.41,56.4299,48.17,48.17,30.2364,19359400,0.0
754,2007-11-02,55.02,55.8,53.31,55.03,34.5425,11590600,0.0
755,2007-10-26,49.85,56.92,48.33,54.86,34.4358,17993800,0.0
756,2007-10-19,56.64,56.64,49.12,49.38,30.996,16563300,0.0
757,2007-10-12,87.62,88.0,55.09,56.0,35.1514,7641533,0.0
758,2007-10-05,85.66,88.42,84.68,88.33,36.9633,5854334,0.0
759,2007-09-28,90.02,90.18,84.24,85.25,35.6745,7406335,0.0
760,2007-09-21,84.76,91.57,83.2,89.97,37.6496,7742134,0.0
761,2007-09-14,82.19,85.98,79.88,84.95,35.5489,5706000,0.0
762,2007-09-07,85.83,87.54,81.0,81.54,34.1219,4841534,0.0
763,2007-08-31,83.17,85.93,79.65,85.55,35.8,5546867,0.0
764,2007-08-24,77.38,84.18,76.15,83.41,34.9045,7671735,0.0
765,2007-08-17,82.16,84.17,72.03,77.51,32.4355,12079534,0.25
766,2007-08-10,81.94,84.07,79.58,82.16,34.2724,12006201,0.0
767,2007-08-03,81.15,85.43,79.89,80.66,33.6467,13860468,0.0
768,2007-07-27,94.9,98.31,79.75,81.1601,33.8553,18567068,0.0
769,2007-07-20,94.08,98.63,93.33,94.9,39.5868,10570067,0.0
770,2007-07-13,91.55,95.0,90.36,93.77,39.1155,10692134,0.0
771,2007-07-06,87.29,89.94,87.01,88.81,37.0464,4933734,0.0
772,2007-06-29,87.63,88.34,84.21,87.04,36.3081,8177734,0.0
773,2007-06-22,90.87,92.29,87.34,87.42,36.4666,9815601,0.0
774,2007-06-15,86.23,91.59,85.89,90.66,37.8181,8588934,0.0
775,2007-06-08,86.33,89.2244,83.96,86.3,35.9994,9466468,0.0
776,2007-06-01,85.21,88.18,84.42,86.81,36.2122,5120801,0.0
777,2007-05-25,86.26,88.26,84.08,85.3,35.5823,5822534,0.0
778,2007-05-18,88.39,88.57,84.88,86.4,36.0411,8806335,0.25
779,2007-05-11,86.72,88.95,85.54,87.85,36.5402,6668534,0.0
780,2007-05-04,86.0,88.15,83.88,86.84,36.1201,8367134,0.0
781,2007-04-27,76.25,90.7,76.25,86.28,35.8872,18871401,0.0
782,2007-04-20,73.75,77.45,73.71,76.21,31.6987,6846000,0.0
783,2007-04-13,74.99,74.99,72.73,73.62,30.6214,6714001,0.0
784,2007-04-05,73.74,75.89,73.27,74.71,31.0748,5805134,0.0
785,2007-03-30,75.04,75.43,72.14,73.4,30.5299,10076267,0.0
786,2007-03-23,73.02,78.23,72.81,75.17,31.2661,11317467,0.0
787,2007-03-16,71.2,72.91,69.02,72.33,30.0849,10465868,0.0
788,2007-03-09,68.23,71.84,67.26,71.2,29.6148,8552734,0.0
789,2007-03-02,73.83,74.11,67.4,68.4,28.4502,9782801,0.0
790,2007-02-23,72.39,74.23,71.58,73.22,30.455,5788534,0.0
791,2007-02-16,68.51,73.32,68.33,72.85,30.3011,7995934,0.2
792,2007-02-09,69.73,70.89,68.44,68.72,28.5045,10013801,0.0
793,2007-02-02,65.39,69.87,64.33,69.77,28.9401,10376134,0.0
794,2007-01-26,67.65,67.84,63.23,64.94,26.9366,9102534,0.0
795,2007-01-19,68.62,69.72,66.75,67.93,28.1768,5900334,0.0
796,2007-01-12,64.87,69.57,64.13,68.68,28.4879,11833267,0.0
797,2007-01-05,65.42,66.03,63.51,64.7,26.8371,8196067,0.0
798,2006-12-29,65.08,66.99,64.82,64.9,26.92,2830267,0.0
799,2006-12-22,65.95,67.0,64.87,65.31,27.0901,6444067,0.0
800,2006-12-15,67.57,69.25,65.4,65.7,27.2519,10749800,2.0
801,2006-12-08,65.03,68.49,64.5,67.57,27.2104,9264401,0.0
802,2006-12-01,63.51,65.94,63.3,64.42,25.9419,7332401,0.0
803,2006-11-24,66.83,66.83,64.28,64.95,26.1553,4173067,0.0
804,2006-11-17,62.42,66.88,62.18,66.72,26.8681,8488401,0.2
805,2006-11-10,58.82,62.67,58.69,62.52,25.0992,7530734,0.0
806,2006-11-03,59.25,59.99,58.04,58.53,23.4974,6487401,0.0
807,2006-10-27,60.21,62.53,59.21,59.42,23.8547,10344134,0.0
808,2006-10-20,60.93,62.03,59.25,60.59,24.3244,7466068,0.0
809,2006-10-13,59.0,61.24,58.19,61.18,24.5613,6911934,0.0
810,2006-10-06,57.02,59.27,56.68,58.81,23.6098,8544334,0.0
811,2006-09-29,54.64,57.81,53.69,57.02,22.8912,8514534,0.0
812,2006-09-22,53.92,54.96,53.64,54.65,21.9397,8401001,0.0
813,2006-09-15,53.72,55.59,53.06,54.12,21.727,7452934,0.0
814,2006-09-08,55.58,57.62,53.16,54.43,21.8514,6851601,0.0
815,2006-09-01,54.61,55.77,54.11,55.58,22.3131,7412268,0.0
816,2006-08-25,57.23,57.4,54.29,54.54,21.8956,4744001,0.0
817,2006-08-18,55.26,58.9,54.39,57.31,23.0076,6442534,0.2
818,2006-08-11,82.75,84.65,54.14,54.61,21.8483,3660312,0.0
819,2006-08-04,80.23,84.883,79.4,82.99,22.1351,4534578,0.0
820,2006-07-28,77.23,81.0,77.0,80.6,21.4976,5537067,0.0
821,2006-07-21,77.64,80.2,76.35,76.51,20.4067,4516223,0.0
822,2006-07-14,80.49,81.57,77.05,77.25,20.6041,3762978,0.0
823,2006-07-07,83.12,83.22,80.0,80.15,21.3776,2749067,0.0
824,2006-06-30,78.24,82.89,77.88,82.38,21.9724,4860756,0.0
825,2006-06-23,76.5,80.94,76.08,78.31,20.8868,4419156,0.0
826,2006-06-16,74.51,77.27,73.6,76.81,20.4867,5632623,0.0
827,2006-06-09,78.34,79.17,73.58,74.7,19.924,6593601,0.0
828,2006-06-02,77.42,80.04,75.65,78.99,21.0682,4023776,0.0
829,2006-05-26,75.76,77.99,73.63,77.97,20.7961,6042800,0.0
830,2006-05-19,77.38,78.3,74.482,76.59,20.4281,6494534,0.3
831,2006-05-12,75.88,81.23,75.8,77.76,20.66,6898310,0.0
832,2006-05-05,71.83,76.24,71.7,75.9,20.1658,6493556,0.0
833,2006-04-28,71.12,75.27,70.75,71.93,19.111,5057778,0.0
834,2006-04-21,70.83,73.97,69.54,71.42,18.9755,3597023,0.0
835,2006-04-13,70.28,71.53,70.13,70.83,18.8187,2216400,0.0
836,2006-04-07,70.97,71.95,69.54,69.96,18.5876,3992000,0.0
837,2006-03-31,70.54,72.24,69.74,70.48,18.7257,4016000,0.0
838,2006-03-24,71.0,72.35,70.0,70.55,18.7443,3720666,0.0
839,2006-03-17,69.04,71.2,68.75,70.87,18.8294,3915689,0.0
840,2006-03-10,69.02,70.09,67.79,69.47,18.4574,3963644,0.0
841,2006-03-03,69.64,70.87,68.45,69.2,18.3857,3324489,0.0
842,2006-02-24,69.72,70.81,68.61,69.45,18.4521,3490045,0.0
843,2006-02-17,68.94,70.43,68.51,69.86,18.561,3918310,0.25
844,2006-02-10,68.41,69.62,67.78,68.65,18.1741,5961156,0.0
845,2006-02-03,74.75,75.07,68.29,68.5599,18.1502,6475289,0.0
846,2006-01-27,69.69,74.27,69.57,74.27,19.6619,3892755,0.0
847,2006-01-20,70.3,72.22,69.77,69.8999,18.505,3187067,0.0
848,2006-01-13,72.09,72.4,70.26,70.53,18.6718,3463377,0.0
849,2006-01-06,69.58,72.77,68.69,72.43,19.1748,4085689,0.0
850,2005-12-30,70.81,71.36,69.14,69.23,18.3276,2060444,0.0
851,2005-12-23,70.38,71.48,68.27,70.6,18.6903,3879156,0.0
852,2005-12-16,72.62,72.75,69.57,70.12,18.5633,6647066,2.0
853,2005-12-09,73.37,73.37,70.54,72.33,18.6192,4063734,0.0
854,2005-12-02,71.9,73.59,71.22,73.1,18.8174,3656357,0.0
855,2005-11-25,72.24,72.74,71.26,71.73,18.4648,1953244,0.0
856,2005-11-18,72.44,72.66,70.7,72.36,18.6269,4406446,0.25
857,2005-11-11,70.9,72.88,70.27,72.07,18.4874,3061511,0.0
858,2005-11-04,68.6,71.9,68.51,70.94,18.1976,4299645,0.0
859,2005-10-28,63.96,69.18,63.96,68.45,17.5588,5271911,0.0
860,2005-10-21,65.26,66.0,63.3,64.08,16.4378,4111601,0.0
861,2005-10-14,65.69,65.69,63.71,65.0,16.6738,4582534,0.0
862,2005-10-07,67.75,69.24,64.29,65.69,16.8508,4651289,0.0
863,2005-09-30,69.35,69.54,66.21,67.89,17.4152,4173912,0.0
864,2005-09-23,71.0,71.05,67.79,69.0,17.6999,3784801,0.0
865,2005-09-16,70.76,71.61,69.7,70.83,18.1693,3308222,0.0
866,2005-09-09,70.85,71.75,70.03,70.69,18.1334,1869956,0.0
867,2005-09-02,68.499,70.85,68.07,70.11,17.9847,3792222,0.0
868,2005-08-26,69.35,70.93,68.54,68.96,17.6897,3691201,0.0
869,2005-08-19,70.17,71.07,68.59,69.4,17.8025,4005733,0.21
870,2005-08-12,71.06,72.19,70.09,70.58,18.0508,3052401,0.0
871,2005-08-05,71.84,73.84,70.472,70.67,18.0738,3666089,0.0
872,2005-07-29,75.43,76.51,70.14,72.22,18.4702,4749244,0.0
873,2005-07-22,71.9,76.61,71.9,75.8,19.3858,4807334,0.0
874,2005-07-15,70.28,72.45,69.5,71.99,18.4114,3535378,0.0
875,2005-07-08,67.74,70.0,66.79,69.88,17.8718,4359556,0.0
876,2005-07-01,68.0,70.05,67.75,68.17,17.4344,4755866,0.0
877,2005-06-24,72.3,74.04,67.67,67.79,17.3373,6061110,0.0
878,2005-06-17,71.42,73.22,70.8,72.31,18.4932,3928844,0.0
879,2005-06-10,71.0,73.0,70.63,71.6,18.3117,3947289,0.0
880,2005-06-03,71.61,72.83,70.25,71.18,18.2043,3075822,0.0
881,2005-05-27,71.47,72.7,69.92,72.09,18.437,4108622,0.0
882,2005-05-20,65.78,69.49,65.25,68.92,17.6263,4728445,0.21
883,2005-05-13,68.12,68.45,65.07,65.44,16.6834,4898845,0.0
884,2005-05-06,67.67,69.21,63.84,68.04,17.3463,8566311,0.0
885,2005-04-29,67.86,69.66,66.12,67.9,17.3106,5547244,0.0
886,2005-04-22,65.49,68.21,65.49,67.12,17.1117,5210134,0.0
887,2005-04-15,71.22,71.78,65.41,65.69,16.7472,7530177,0.0
888,2005-04-08,71.8,72.9,70.37,71.33,18.185,3924311,0.0
889,2005-04-01,72.29,73.6,70.4,71.65,18.2666,4568711,0.0
890,2005-03-24,73.32,73.82,71.5,71.93,18.338,2852267,0.0
891,2005-03-18,75.12,76.98,72.5,73.58,18.7587,4435244,0.0
892,2005-03-11,76.67,77.94,75.05,75.23,19.1793,4697066,0.0
893,2005-03-04,75.35,77.0,74.0,76.29,19.4496,4871023,0.0
894,2005-02-25,71.16,75.0,69.7,75.0,19.1207,5112356,0.0
895,2005-02-18,72.38,73.5,70.55,71.31,18.1799,5117334,0.2
896,2005-02-11,72.0,73.86,71.51,72.87,18.5263,4732177,0.0
897,2005-02-04,70.35,71.9,68.67,71.79,18.2517,5615690,0.0
898,2005-01-28,70.68,71.55,68.5,69.55,17.6822,5975467,0.0
899,2005-01-21,72.95,75.06,70.59,70.77,17.9924,4257155,0.0
900,2005-01-14,72.49,73.88,72.11,73.59,18.7093,4928178,0.0
901,2005-01-07,80.7,81.38,71.53,72.47,18.4246,9383600,0.0
902,2004-12-31,79.05,81.0,77.1,80.48,20.461,2754533,0.0
903,2004-12-23,77.22,79.12,75.96,78.92,20.0644,3694755,0.0
904,2004-12-17,77.93,79.85,76.4,76.74,19.5102,6654578,2.0
905,2004-12-10,77.95,78.48,76.51,77.59,19.2347,5481778,0.0
906,2004-12-03,79.98,81.42,77.63,78.64,19.495,5500355,0.0
907,2004-11-26,77.75,79.99,77.26,79.44,19.6933,2846222,0.0
908,2004-11-19,78.92,79.18,75.9,77.56,19.2272,5792579,0.2
909,2004-11-12,75.79,78.85,75.07,78.83,19.4912,5883911,0.0
910,2004-11-05,69.19,75.61,68.84,75.56,18.6827,9393867,0.0
911,2004-10-29,64.51,69.83,64.1,69.31,17.1373,5800089,0.0
912,2004-10-22,69.25,70.8,62.0,64.83,16.0296,11183645,0.0
913,2004-10-15,69.09,70.2,65.73,68.94,17.0458,6032667,0.0
914,2004-10-08,71.11,71.89,68.3,68.41,16.9148,4906177,0.0
915,2004-10-01,67.2,71.27,66.08,70.59,17.4538,5549112,0.0
916,2004-09-24,65.63,68.34,65.45,67.69,16.7367,7058356,0.0
917,2004-09-17,62.8,65.99,62.36,64.95,16.0593,6458179,0.0
918,2004-09-10,63.05,64.98,61.74,62.57,15.4708,4608978,0.0
919,2004-09-03,60.69,63.75,59.19,62.72,15.5079,4355067,0.0
920,2004-08-27,58.49,61.32,57.93,60.72,15.0134,3543422,0.0
921,2004-08-20,57.99,59.68,57.28,58.57,14.4818,4449289,0.2
922,2004-08-13,58.24,59.72,56.83,57.31,14.1224,4708354,0.0
923,2004-08-06,60.12,61.75,57.77,58.02,14.2974,6034132,0.0
924,2004-07-30,56.15,60.95,56.0,59.96,14.7754,7912310,0.0
925,2004-07-23,56.52,57.14,52.95,56.28,13.8686,6760534,0.0
926,2004-07-16,56.41,57.2,55.0,56.07,13.8169,4216801,0.0
927,2004-07-09,55.35,56.61,54.92,56.42,13.9031,3129601,0.0
928,2004-07-02,57.33,58.58,55.17,55.37,13.6444,4203023,0.0
929,2004-06-25,54.71,57.45,54.23,57.28,14.115,4349023,0.0
930,2004-06-18,55.66,55.77,54.0,54.7,13.4793,4754532,0.0
931,2004-06-10,56.02,56.86,54.6,55.68,13.7208,3841956,0.0
932,2004-06-04,55.5354,57.45,55.5,56.05,13.8119,4131822,0.0
933,2004-05-28,52.9,56.5,52.54,55.8,13.7503,4856889,0.0
934,2004-05-21,52.21,54.78,51.0,52.54,12.947,6281467,0.2
935,2004-05-14,54.38,54.95,52.0,54.07,13.2738,6333688,0.0
936,2004-05-07,57.17,57.85,54.5,54.62,13.4088,5226533,0.0
937,2004-04-30,59.4,60.7,54.65,56.49,13.8679,6689556,0.0
938,2004-04-23,57.22,59.98,55.46,59.74,14.6657,4701999,0.0
939,2004-04-16,57.81,58.6,56.38,56.96,13.9833,2901378,0.0
940,2004-04-08,57.27,59.22,57.06,57.66,14.1551,3212711,0.0
941,2004-04-02,55.0,57.41,54.89,57.01,13.9955,4284533,0.0
942,2004-03-26,53.94,55.43,52.51,54.59,13.4014,5067067,0.0
943,2004-03-19,52.28,55.27,51.22,54.25,13.318,5791912,0.0
944,2004-03-12,53.89,54.16,49.61,52.64,12.9227,6989423,0.0
945,2004-03-05,55.43,56.05,52.65,53.9,13.232,5720845,0.0
946,2004-02-27,54.57,55.56,53.05,55.42,13.6052,5464800,0.0
947,2004-02-20,55.2,55.98,54.09,54.34,13.3401,4365066,0.0
948,2004-02-13,56.4,56.81,54.211,54.89,13.4751,5072044,0.15
949,2004-02-06,80.05,83.91,54.96,56.66,13.8717,4640475,0.0
950,2004-01-30,82.07,82.81,78.52,78.67,12.8402,6070756,0.0
951,2004-01-23,84.5,84.5,81.62,82.05,13.3918,3535171,0.0
952,2004-01-16,86.553,87.269,83.8,84.68,13.8211,3983141,0.0
953,2004-01-09,84.3,89.74,83.98,86.82,14.1704,4853245,0.0
954,2004-01-02,84.42,86.0,83.54,83.92,13.6971,2605511,0.0
955,2003-12-26,84.03,85.21,83.11,84.2,13.7428,1747111,0.0
956,2003-12-19,83.19,84.2,80.1,83.45,13.6203,4674786,1.2
957,2003-12-12,79.68,82.64,79.41,81.88,13.1707,4230874,0.0
958,2003-12-05,79.98,82.75,78.68,79.23,12.7444,5880801,0.0
959,2003-11-28,76.26,80.5,76.14,80.26,12.9101,2930429,0.0
960,2003-11-21,78.0,78.1,75.23,76.09,12.2393,4152859,0.0
961,2003-11-14,76.43,79.65,73.56,78.0,12.5465,6075497,0.22
962,2003-11-07,79.26,80.14,75.94,76.35,12.2466,3686755,0.0
963,2003-10-31,76.14,79.73,75.48,79.08,12.6845,3583941,0.0
964,2003-10-24,77.27,79.19,74.92,75.7,12.1423,4563022,0.0
965,2003-10-17,79.44,81.5,77.29,77.5,12.4311,3927408,0.0
966,2003-10-10,78.89,81.64,78.07,79.44,12.7422,3767942,0.0
967,2003-10-03,75.71,79.91,73.72,78.37,12.5706,5160534,0.0
968,2003-09-26,80.6,81.06,74.62,74.71,11.9835,4626608,0.0
969,2003-09-19,80.53,82.2,79.4,80.55,12.9203,4038933,0.0
970,2003-09-12,83.78,85.19,78.76,80.28,12.877,5338223,0.0
971,2003-09-05,85.61,86.95,84.0,84.0,13.4737,5732356,0.0
972,2003-08-29,85.39,85.78,82.45,85.37,13.6934,4090963,0.0
973,2003-08-22,81.9,87.57,81.61,85.69,13.7447,5304978,0.0
974,2003-08-15,77.72,81.7,77.57,81.64,13.0951,3683467,0.22
975,2003-08-08,76.99,79.73,75.68,77.65,12.4213,6262164,0.0
976,2003-08-01,75.0,78.37,71.7311,76.92,12.3045,7133305,0.0
977,2003-07-25,73.65,75.5,70.61,74.06,11.847,6910341,0.0
978,2003-07-18,72.9,75.16,71.18,73.46,11.7511,4452445,0.0
979,2003-07-11,70.24,73.62,70.17,72.45,11.5895,4233601,0.0
980,2003-07-03,67.24,72.5,65.5399,70.62,11.2968,4106963,0.0
981,2003-06-27,68.52,69.74,66.71,67.66,10.8233,4354104,0.0
982,2003-06-20,70.06,71.28,67.66,68.79,11.004,6869511,0.0
983,2003-06-13,68.66,72.54,68.09,70.08,11.2104,6612533,0.0
984,2003-06-06,66.33,71.114,65.19,68.82,11.0088,7619319,0.0
985,2003-05-30,61.8,66.27,61.3,65.97,10.5529,5892118,0.0
986,2003-05-23,61.25,62.24,59.16,61.76,9.8795,5094636,0.0
987,2003-05-16,60.9,62.55,60.37,61.49,9.8363,5964741,0.22
988,2003-05-09,59.44,61.61,59.0,60.91,9.7093,6629097,0.0
989,2003-05-02,57.56,59.93,57.1,59.29,9.4511,5665422,0.0
990,2003-04-25,57.1,59.219,56.9,57.64,9.188,9675141,0.0
991,2003-04-17,53.6,57.65,53.4,57.43,9.1546,5629511,0.0
992,2003-04-11,55.2,55.91,52.8,53.85,8.5839,6515112,0.0
993,2003-04-04,51.0,55.44,49.76,54.89,8.7497,7851348,0.0
994,2003-03-28,51.55,52.53,50.35,51.64,8.2316,5876178,0.0
995,2003-03-21,48.67,52.94,48.02,52.43,8.3575,11084652,0.0
996,2003-03-14,47.19,48.89,44.68,48.43,7.7199,6605868,0.0
997,2003-03-07,48.38,48.79,46.3,47.7,7.6036,5151645,0.0
998,2003-02-28,47.51,48.65,46.2,48.02,7.6546,6173216,0.0
999,2003-02-21,48.24,48.97,47.28,48.56,7.7406,6166727,0.0
1000,2003-02-14,46.5,48.32,45.93,48.14,7.6737,6624238,0.2
1001,2003-02-07,43.19,49.09,43.06,46.5,7.3807,10985718,0.0
1002,2003-01-31,42.95,44.3,42.0,43.32,6.8759,4557246,0.0
1003,2003-01-24,46.08,46.62,42.76,43.01,6.8267,4810074,0.0
1004,2003-01-17,47.6,48.17,45.9,45.93,7.2902,4288297,0.0
1005,2003-01-10,47.7,48.49,46.62,47.4,7.5235,4960089,0.0
1006,2003-01-03,45.71,48.1,45.4,47.62,7.5584,2949511,0.0
1007,2002-12-27,46.45,48.07,45.73,45.78,7.2664,1813215,0.0
1008,2002-12-20,45.8,47.49,44.84,46.49,7.3791,5988119,0.7
1009,2002-12-13,47.29,47.45,45.52,45.71,7.1497,4369541,0.0
1010,2002-12-06,49.13,49.65,46.42,47.42,7.4171,7242903,0.0
1011,2002-11-29,48.0,50.34,47.0,49.0,7.6643,5136860,0.0
1012,2002-11-22,46.04,49.37,44.5,48.01,7.5094,6932237,0.2
1013,2002-11-15,43.61,46.1,41.11,45.8,7.1322,6518193,0.0
1014,2002-11-08,45.55,46.05,42.9,43.38,6.7554,7077215,0.0
1015,2002-11-01,43.25,45.57,42.17,45.07,7.0186,8443230,0.0
1016,2002-10-25,41.25,44.59,40.02,43.58,6.7865,10207971,0.0
1017,2002-10-18,34.34,41.95,34.16,41.5,6.4626,8136089,0.0
1018,2002-10-11,34.02,35.44,30.69,34.93,5.4395,7752208,0.0
1019,2002-10-04,34.81,36.46,33.0,34.24,5.3321,7332267,0.0
1020,2002-09-27,33.27,35.37,31.35,35.06,5.4598,7433867,0.0
1021,2002-09-20,34.14,35.35,31.65,33.35,5.1935,5167141,0.0
1022,2002-09-13,34.15,36.08,33.5,34.32,5.3445,3414341,0.0
1023,2002-09-06,35.19,35.4,32.65,34.22,5.3289,6600179,0.0
1024,2002-08-30,38.67,39.65,34.18,35.31,5.4987,7122104,0.0
1025,2002-08-23,37.1,39.55,36.75,38.39,5.9783,3147319,0.2
1026,2002-08-16,38.49,39.9,36.79,37.14,5.754,5027527,0.0
1027,2002-08-09,35.89,39.05,34.35,38.31,5.9352,4244029,0.0
1028,2002-08-02,37.42,39.96,34.79,35.7,5.5309,4949422,0.0
1029,2002-07-26,35.26,38.16,33.61,37.3,5.7787,5777690,0.0
1030,2002-07-19,40.39,40.4,34.8,35.49,5.4983,7271527,0.0
1031,2002-07-12,43.91,44.05,40.05,40.4,6.259,6061275,0.0
1032,2002-07-05,44.0,44.28,39.81,43.91,6.8028,3724830,0.0
1033,2002-06-28,42.89,44.75,41.5,44.39,6.8772,5599230,0.0
1034,2002-06-21,40.63,43.14,39.88,42.81,6.6324,6943703,0.0
1035,2002-06-14,42.6,44.0,38.96,39.77,6.1614,4458519,0.0
1036,2002-06-07,43.98,44.93,41.19,42.78,6.6277,4571082,0.0
1037,2002-05-31,71.0,71.49,43.77,44.24,6.8539,4327081,0.2
1038,2002-05-24,70.36,71.64,68.76,70.86,7.2858,3492485,0.0
1039,2002-05-17,68.42,72.5,67.06,70.68,7.2672,4412998,0.0
1040,2002-05-10,67.6,70.71,67.07,68.63,7.0565,4719348,0.0
1041,2002-05-03,72.1,73.2,66.56,67.92,6.9835,9258390,0.0
1042,2002-04-26,71.95,73.94,70.47,72.3,7.4338,3311151,0.0
1043,2002-04-19,74.91,75.44,70.46,72.2,7.4235,3546568,0.0
1044,2002-04-12,73.77,77.47,73.45,74.85,7.696,5315062,0.0
1045,2002-04-05,73.5,75.7,70.56,74.72,7.6826,3696711,0.0
1046,2002-03-28,72.45,74.5,69.5,73.21,7.5274,2459140,0.0
1047,2002-03-22,73.58,77.0,70.87,72.14,7.4174,4139972,0.0
1048,2002-03-15,74.79,76.6,72.45,73.08,7.514,3197669,0.0
1049,2002-03-08,74.01,79.47,73.21,75.49,7.7618,6442055,0.0
1050,2002-03-01,68.27,74.3,68.15,73.83,7.5911,4210786,0.0
1051,2002-02-22,65.45,68.8,64.96,68.31,7.0236,2275772,0.0
1052,2002-02-15,64.85,68.35,64.64,65.64,6.749,1959803,0.3
1053,2002-02-08,62.83,68.75,61.9,65.1,6.6638,3952218,0.0
1054,2002-02-01,63.91,67.0,63.01,63.31,6.4806,1927684,0.0
1055,2002-01-25,61.99,64.67,61.11,63.88,6.539,1382597,0.0
1056,2002-01-18,61.91,64.74,61.12,61.76,6.322,2379338,0.0
1057,2002-01-11,66.85,66.99,61.14,62.39,6.3864,2046223,0.0
1058,2002-01-04,67.62,67.8,64.14,66.66,6.8235,2193540,0.0
1059,2001-12-28,65.23,69.28,65.22,67.68,6.9279,1142598,0.0
1060,2001-12-21,62.97,67.35,62.64,65.13,6.6669,2358755,0.25
1061,2001-12-14,64.89,65.15,62.2,62.92,6.4156,1645670,0.0
1062,2001-12-07,61.55,66.4,59.0,64.7,6.5971,3550202,0.0
1063,2001-11-30,60.77,62.08,58.49,60.86,6.2055,1921679,0.0
1064,2001-11-23,60.01,60.76,58.47,60.5,6.1688,959645,0.0
1065,2001-11-16,60.09,63.09,58.29,60.0,6.1179,3217403,0.3
1066,2001-11-09,56.0,63.29,56.0,60.31,6.1189,4308603,0.0
1067,2001-11-02,55.35,56.08,51.17,55.81,5.6623,2064553,0.0
1068,2001-10-26,49.91,55.7,48.86,55.35,5.6156,2061236,0.0
1069,2001-10-19,51.7,54.19,48.56,50.15,5.0881,1633462,0.0
1070,2001-10-12,51.25,53.07,47.38,51.81,5.2565,1958124,0.0
1071,2001-10-05,48.84,53.49,47.2,50.89,5.1631,2537877,0.0
1072,2001-09-28,45.0,49.84,44.99,49.07,4.9785,2097225,0.0
1073,2001-09-21,55.08,55.27,42.75,44.86,4.5514,3317512,0.0
1074,2001-09-10,54.11,56.23,54.1,55.11,5.5913,545442,0.0
1075,2001-09-07,55.01,57.97,53.8,54.1,5.4888,2071862,0.0
1076,2001-08-31,54.85,55.57,52.26,55.3,5.6106,1859634,0.0
1077,2001-08-24,55.6,56.53,53.04,55.01,5.5811,1963181,0.0
1078,2001-08-17,58.66,60.12,54.96,55.46,5.6268,1348978,0.3
1079,2001-08-10,58.11,59.65,55.86,58.69,5.9225,1466627,0.0
1080,2001-08-03,57.38,60.06,56.7,57.88,5.8407,1727942,0.0
1081,2001-07-27,61.68,61.85,57.36,57.94,5.8468,2796188,0.0
1082,2001-07-20,58.55,65.05,57.12,61.5,6.206,5379398,0.0
1083,2001-07-13,53.24,59.61,53.12,58.74,5.9275,5906213,0.0
1084,2001-07-06,51.26,53.55,51.19,53.44,5.3927,1605788,0.0
1085,2001-06-29,51.1,52.05,49.14,51.42,5.1888,1847328,0.0
1086,2001-06-22,49.0,52.32,48.75,50.86,5.1323,1541057,0.0
1087,2001-06-15,49.53,50.56,47.36,49.27,4.9719,2241876,0.0
1088,2001-06-08,48.72,50.62,48.5,49.71,5.0163,1751802,0.0
1089,2001-06-01,49.7,50.11,47.63,48.7,4.9144,1917808,0.0
1090,2001-05-25,49.75,50.94,48.65,49.9,5.0355,1488454,0.0
1091,2001-05-18,46.82,50.05,46.47,49.71,5.0163,1833837,0.3
1092,2001-05-11,47.97,48.29,46.5,47.07,4.7213,1526717,0.0
1093,2001-05-04,49.0,49.93,46.75,48.08,4.8226,2046164,0.0
1094,2001-04-27,48.35,49.87,47.36,49.05,4.9199,1917986,0.0
1095,2001-04-20,46.63,50.21,45.77,48.29,4.8437,2039625,0.0
1096,2001-04-12,43.7,47.59,43.63,46.62,4.6762,1587772,0.0
1097,2001-04-06,44.75,45.31,42.81,44.75,4.4886,2709907,0.0
1098,2001-03-30,44.73,46.13,44.13,44.81,4.4946,1615882,0.0
1099,2001-03-23,44.19,47.75,42.88,44.19,4.4324,2557156,0.0
1100,2001-03-16,48.13,48.67,44.38,44.81,4.4946,2906232,0.0
1101,2001-03-09,47.13,50.44,46.88,48.19,4.8337,2096475,0.0
1102,2001-03-02,49.38,49.5,45.44,47.44,4.7584,3807527,0.0
1103,2001-02-23,49.25,49.42,47.67,49.38,4.953,1914607,0.0
1104,2001-02-16,50.98,51.56,46.5,49.19,4.934,3334776,0.3
1105,2001-02-09,50.94,53.44,50.5,50.56,5.0411,1257562,0.0
1106,2001-02-02,51.19,52.13,49.69,51.0,5.085,1346351,0.0
1107,2001-01-26,49.81,53.44,49.19,51.5,5.1348,1557985,0.0
1108,2001-01-19,50.81,53.13,49.56,50.38,5.0232,1318361,0.0
1109,2001-01-12,52.75,54.63,49.0,51.13,5.0979,2239408,0.0
1110,2001-01-05,49.38,54.31,48.75,53.5,5.3342,2821769,0.0
1111,2000-12-29,47.25,50.67,47.25,49.25,4.9105,1272850,0.0
1112,2000-12-22,42.81,47.88,42.38,47.88,4.7739,9267359,1.0
1113,2000-12-15,43.81,47.88,41.94,42.0,4.0919,2856593,0.0
1114,2000-12-08,48.94,51.81,43.38,43.81,4.2682,3281560,0.0
1115,2000-12-01,44.56,49.0,44.38,49.0,4.7739,2356879,0.0
1116,2000-11-24,43.19,44.75,42.88,44.63,4.3481,952928,0.0
1117,2000-11-17,42.94,44.5,42.31,43.25,4.2137,1744612,0.3
1118,2000-11-10,42.5,44.63,42.31,42.88,4.1485,1630499,0.0
1119,2000-11-03,41.22,43.44,41.06,42.56,4.1176,2444681,0.0
1120,2000-10-27,39.13,41.75,37.5,40.81,3.9483,2181057,0.0
1121,2000-10-20,39.23,40.63,38.19,39.13,3.7857,1391704,0.0
1122,2000-10-13,39.25,40.88,38.25,39.75,3.8457,1455527,0.0
1123,2000-10-06,36.56,43.0,36.25,39.13,3.7857,2578707,0.0
1124,2000-09-29,38.5,39.0,36.5,37.06,3.5855,1457028,0.0
1125,2000-09-22,39.5,39.81,37.75,38.5,3.7248,2474884,0.0
1126,2000-09-15,42.25,42.69,39.63,40.0,3.8699,1968099,0.0
1127,2000-09-08,41.94,44.25,41.63,42.25,4.0876,1255052,0.0
1128,2000-09-01,41.03,43.25,40.88,42.0,4.0634,1285669,0.0
1129,2000-08-25,42.34,42.63,40.88,41.0,3.9666,1258725,0.0
1130,2000-08-18,42.38,43.31,41.63,42.06,4.0692,953719,0.3
1131,2000-08-11,42.19,44.63,41.88,42.88,4.1192,1605136,0.0
1132,2000-08-04,41.81,45.0,41.63,41.94,4.0289,1728909,0.0
1133,2000-07-28,44.06,45.5,41.38,41.63,3.9992,1552632,0.0
1134,2000-07-21,42.38,45.75,41.31,44.31,4.2566,1801285,0.0
1135,2000-07-14,42.38,43.25,40.88,42.38,4.0712,1012405,0.0
1136,2000-07-07,39.81,43.5,39.56,43.31,4.1605,1251477,0.0
1137,2000-06-30,40.69,42.63,39.5,39.69,3.8128,1624099,0.0
1138,2000-06-23,41.41,41.81,40.25,40.44,3.8848,1624119,0.0
1139,2000-06-16,42.0,43.75,41.06,41.38,3.9751,1887447,0.0
1140,2000-06-09,43.19,44.75,41.0,41.88,4.0232,2111981,0.0
1141,2000-06-02,42.38,43.94,41.38,43.19,4.149,1358775,0.0
1142,2000-05-26,42.81,45.38,41.44,41.75,4.0107,2313482,0.0
1143,2000-05-19,43.56,45.5,42.13,42.88,4.1192,1431842,0.3
1144,2000-05-12,42.88,44.81,41.75,43.75,4.1747,1653945,0.0
1145,2000-05-05,47.5,48.13,41.63,43.44,4.1451,2457067,0.0
1146,2000-04-28,44.47,47.63,43.56,47.56,4.5382,2055270,0.0
1147,2000-04-20,44.5,48.69,42.75,44.5,4.2462,1510222,0.0
1148,2000-04-14,47.25,50.63,44.75,44.75,4.2701,2591329,0.0
1149,2000-04-07,49.75,54.25,46.13,46.89,4.4743,2749156,0.0
1150,2000-03-31,48.55,50.0,45.44,50.0,4.7711,2168178,0.0
1151,2000-03-24,47.38,49.06,46.0,48.44,4.6222,2028070,0.0
1152,2000-03-17,42.69,50.0,41.69,47.63,4.5449,2988702,0.0
1153,2000-03-10,47.81,47.81,39.94,42.56,4.0611,3513225,0.0
1154,2000-03-03,42.5,48.25,41.38,48.0,4.5802,2958992,0.0
1155,2000-02-25,44.63,46.31,42.25,42.88,4.0917,2762450,0.0
1156,2000-02-18,42.31,45.19,41.5,44.75,4.2701,2308227,0.3
1157,2000-02-11,41.88,43.13,41.88,42.39,4.018,2380603,0.0
1158,2000-02-04,40.63,43.13,40.44,42.0,3.981,2045413,0.0
1159,2000-01-28,43.13,43.25,39.75,40.13,3.8038,2100860,0.0
1160,2000-01-21,43.5,45.06,42.0,43.0,4.0758,1317847,0.0
1161,2000-01-14,44.44,46.06,41.5,43.75,4.1469,1695407,0.0
1162,2000-01-07,43.75,44.25,41.25,44.25,4.1943,2626055,0.0
1163,1999-12-31,46.38,46.56,43.88,44.31,4.2,827693,0.0
1164,1999-12-23,44.06,46.63,42.69,46.19,4.3782,964899,0.0
1165,1999-12-17,44.13,46.13,42.0,43.75,4.1469,13947002,1.6
1166,1999-12-10,42.19,44.13,41.81,43.94,4.018,2629471,0.0
1167,1999-12-03,41.0,42.63,39.81,42.31,3.8689,2378489,0.0
1168,1999-11-26,42.69,42.75,40.63,41.06,3.7546,1443200,0.0
1169,1999-11-19,41.94,44.25,41.94,42.31,3.8689,2273779,0.2
1170,1999-11-12,44.75,45.0,41.63,41.94,3.8176,1995497,0.0
